     0.0   5005.7700   5005.7598   5005.7500   5005.7300   5005.6899   5005.6401   5005.5498   5005.4399   5005.2598   5005.0298   5004.6899   5004.2002   5003.5400   5002.5601   5001.2402   4999.2300   4996.4302   4992.2300   4985.8799   4976.6499   4961.3398   4939.0698   4901.4302   4843.8799   4757.5098   4657.7998
     0.5   5005.7700   5005.7598   5005.7500   5005.7300   5005.6899   5005.6401   5005.5498   5005.4399   5005.2598   5005.0298   5004.6899   5004.2002   5003.5400   5002.5601   5001.2402   4999.2300   4996.4302   4992.2300   4985.8799   4976.6499   4961.3398   4939.0698   4901.4302   4843.8799   4757.5098   4657.7998
     1.0   5005.7700   5005.7598   5005.7500   5005.7300   5005.6899   5005.6299   5005.5498   5005.4399   5005.2598   5005.0200   5004.6899   5004.2002   5003.5400   5002.5601   5001.2300   4999.2300   4996.4302   4992.2300   4985.8799   4976.6499   4961.3398   4939.0601   4901.4302   4843.8799   4757.5098   4657.7998
     1.5   5005.7700   5005.7598   5005.7500   5005.7300   5005.6899   5005.6299   5005.5498   5005.4302   5005.2598   5005.0200   5004.6899   5004.2002   5003.5400   5002.5601   5001.2300   4999.2300   4996.4302   4992.2300   4985.8799   4976.6401   4961.3398   4939.0601   4901.4302   4843.8799   4757.5098   4657.7998
     2.0   5005.7700   5005.7598   5005.7500   5005.7300   5005.6899   5005.6299   5005.5498   5005.4302   5005.2598   5005.0200   5004.6802   5004.2002   5003.5400   5002.5601   5001.2300   4999.2300   4996.4302   4992.2300   4985.8799   4976.6401   4961.3301   4939.0601   4901.4302   4843.8799   4757.5098   4657.7998
     2.5   5005.7598   5005.7598   5005.7500   5005.7202   5005.6899   5005.6299   5005.5498   5005.4302   5005.2598   5005.0200   5004.6802   5004.2002   5003.5400   5002.5498   5001.2300   4999.2202   4996.4302   4992.2300   4985.8701   4976.6401   4961.3301   4939.0601   4901.4302   4843.8799   4757.5098   4657.7998
     3.0   5005.7598   5005.7598   5005.7500   5005.7202   5005.6802   5005.6299   5005.5400   5005.4302   5005.2598   5005.0200   5004.6802   5004.2002   5003.5298   5002.5498   5001.2300   4999.2202   4996.4302   4992.2202   4985.8701   4976.6401   4961.3301   4939.0601   4901.4302   4843.8799   4757.5098   4657.7998
     3.5   5005.7598   5005.7598   5005.7402   5005.7202   5005.6802   5005.6299   5005.5400   5005.4302   5005.2500   5005.0200   5004.6802   5004.1899   5003.5298   5002.5498   5001.2300   4999.2202   4996.4199   4992.2202   4985.8701   4976.6401   4961.3301   4939.0601   4901.4302   4843.8799   4757.5098   4657.7998
     4.0   5005.7598   5005.7500   5005.7402   5005.7202   5005.6802   5005.6201   5005.5400   5005.4199   5005.2500   5005.0098   5004.6802   5004.1899   5003.5298   5002.5498   5001.2202   4999.2202   4996.4199   4992.2202   4985.8701   4976.6401   4961.3301   4939.0601   4901.4199   4843.8799   4757.5000   4657.7900
     4.5   5005.7500   5005.7500   5005.7402   5005.7100   5005.6802   5005.6201   5005.5400   5005.4199   5005.2500   5005.0098   5004.6699   5004.1899   5003.5298   5002.5498   5001.2202   4999.2202   4996.4199   4992.2202   4985.8599   4976.6299   4961.3198   4939.0498   4901.4199   4843.8701   4757.5000   4657.7900
     5.0   5005.7500   5005.7500   5005.7300   5005.7100   5005.6699   5005.6201   5005.5298   5005.4199   5005.2500   5005.0098   5004.6699   5004.1899   5003.5200   5002.5400   5001.2202   4999.2100   4996.4199   4992.2100   4985.8599   4976.6299   4961.3198   4939.0498   4901.4199   4843.8701   4757.5000   4657.7900
     5.5   5005.7500   5005.7402   5005.7300   5005.7100   5005.6699   5005.6099   5005.5298   5005.4102   5005.2402   5005.0000   5004.6699   5004.1802   5003.5200   5002.5400   5001.2100   4999.2100   4996.4102   4992.2100   4985.8599   4976.6299   4961.3198   4939.0498   4901.4102   4843.8701   4757.5000   4657.7798
     6.0   5005.7402   5005.7402   5005.7300   5005.7002   5005.6602   5005.6099   5005.5298   5005.4102   5005.2402   5005.0000   5004.6602   5004.1802   5003.5098   5002.5298   5001.2100   4999.2002   4996.4102   4992.2100   4985.8501   4976.6201   4961.3101   4939.0400   4901.4102   4843.8599   4757.4902   4657.7798
     6.5   5005.7402   5005.7300   5005.7202   5005.7002   5005.6602   5005.6001   5005.5200   5005.3999   5005.2300   5004.9902   5004.6602   5004.1699   5003.5098   5002.5298   5001.2100   4999.2002   4996.3999   4992.2002   4985.8501   4976.6201   4961.3101   4939.0400   4901.4102   4843.8599   4757.4902   4657.7798
     7.0   5005.7300   5005.7300   5005.7100   5005.6899   5005.6499   5005.6001   5005.5098   5005.3999   5005.2300   5004.9902   5004.6499   5004.1699   5003.5000   5002.5200   5001.2002   4999.1899   4996.3999   4992.2002   4985.8398   4976.6099   4961.2998   4939.0298   4901.3999   4843.8501   4757.4800   4657.7700
     7.5   5005.7300   5005.7202   5005.7100   5005.6899   5005.6499   5005.5898   5005.5098   5005.3901   5005.2202   5004.9800   5004.6499   5004.1602   5003.5000   5002.5200   5001.1899   4999.1899   4996.3901   4992.1899   4985.8398   4976.6099   4961.2998   4939.0298   4901.3999   4843.8501   4757.4800   4657.7700
     8.0   5005.7202   5005.7100   5005.7002   5005.6802   5005.6401   5005.5898   5005.5000   5005.3901   5005.2100   5004.9800   5004.6401   5004.1499   5003.4902   5002.5098   5001.1899   4999.1802   4996.3901   4992.1802   4985.8301   4976.6001   4961.2900   4939.0200   4901.3901   4843.8398   4757.4702   4657.7598
     8.5   5005.7100   5005.7100   5005.6899   5005.6699   5005.6299   5005.5801   5005.5000   5005.3799   5005.2100   5004.9702   5004.6299   5004.1499   5003.4902   5002.5000   5001.1802   4999.1802   4996.3799   4992.1802   4985.8301   4976.6001   4961.2900   4939.0200   4901.3799   4843.8398   4757.4702   4657.7500
     9.0   5005.7002   5005.7002   5005.6899   5005.6602   5005.6299   5005.5698   5005.4902   5005.3701   5005.2002   5004.9600   5004.6201   5004.1401   5003.4800   5002.5000   5001.1699   4999.1699   4996.3701   4992.1699   4985.8198   4976.5898   4961.2798   4939.0098   4901.3799   4843.8301   4757.4600   4657.7500
     9.5   5005.7002   5005.6899   5005.6802   5005.6602   5005.6201   5005.5601   5005.4800   5005.3599   5005.1899   5004.9502   5004.6201   5004.1299   5003.4702   5002.4902   5001.1699   4999.1602   4996.3701   4992.1602   4985.8101   4976.5801   4961.2700   4939.0000   4901.3701   4843.8198   4757.4502   4657.7402
    10.0   5005.6899   5005.6802   5005.6699   5005.6499   5005.6099   5005.5498   5005.4702   5005.3501   5005.1802   5004.9502   5004.6099   5004.1201   5003.4600   5002.4800   5001.1602   4999.1499   4996.3599   4992.1499   4985.7998   4976.5698   4961.2598   4938.9902   4901.3599   4843.8101   4757.4399   4657.7300
    10.5   5005.6802   5005.6699   5005.6602   5005.6401   5005.6001   5005.5400   5005.4600   5005.3398   5005.1699   5004.9399   5004.6001   5004.1099   5003.4502   5002.4702   5001.1499   4999.1401   4996.3501   4992.1401   4985.7900   4976.5601   4961.2500   4938.9800   4901.3501   4843.7998   4757.4302   4657.7202
    11.0   5005.6602   5005.6602   5005.6499   5005.6201   5005.5898   5005.5298   5005.4502   5005.3301   5005.1602   5004.9199   5004.5898   5004.1001   5003.4399   5002.4600   5001.1401   4999.1299   4996.3398   4992.1299   4985.7798   4976.5498   4961.2402   4938.9702   4901.3398   4843.7900   4757.4199   4657.7100
    11.5   5005.6499   5005.6499   5005.6299   5005.6099   5005.5698   5005.5200   5005.4399   5005.3198   5005.1499   5004.9102   5004.5698   5004.0898   5003.4302   5002.4502   5001.1201   4999.1201   4996.3198   4992.1201   4985.7700   4976.5400   4961.2300   4938.9600   4901.3301   4843.7798   4757.4102   4657.7002
    12.0   5005.6401   5005.6299   5005.6201   5005.6001   5005.5601   5005.5000   5005.4199   5005.3101   5005.1299   5004.8999   5004.5601   5004.0801   5003.4102   5002.4302   5001.1099   4999.1099   4996.3101   4992.1099   4985.7598   4976.5298   4961.2202   4938.9502   4901.3198   4843.7700   4757.3999   4657.6899
    12.5   5005.6201   5005.6201   5005.6001   5005.5801   5005.5400   5005.4902   5005.3999   5005.2900   5005.1201   5004.8799   5004.5400   5004.0601   5003.3999   5002.4199   5001.1001   4999.0898   4996.2998   4992.0898   4985.7402   4976.5098   4961.2100   4938.9399   4901.2998   4843.7598   4757.3901   4657.6802
    13.0   5005.6001   5005.6001   5005.5898   5005.5601   5005.5298   5005.4702   5005.3901   5005.2700   5005.1001   5004.8599   5004.5298   5004.0400   5003.3799   5002.3999   5001.0801   4999.0698   4996.2798   4992.0801   4985.7300   4976.5000   4961.1899   4938.9199   4901.2900   4843.7402   4757.3701   4657.6602
    13.5   5005.5801   5005.5801   5005.5698   5005.5400   5005.5098   5005.4502   5005.3701   5005.2598   5005.0801   5004.8501   5004.5098   5004.0298   5003.3599   5002.3901   5001.0601   4999.0601   4996.2598   4992.0601   4985.7100   4976.4800   4961.1699   4938.8999   4901.2700   4843.7300   4757.3599   4657.6499
    14.0   5005.5601   5005.5601   5005.5498   5005.5298   5005.4902   5005.4302   5005.3501   5005.2402   5005.0698   5004.8301   5004.4902   5004.0098   5003.3501   5002.3701   5001.0498   4999.0400   4996.2500   4992.0400   4985.6899   4976.4600   4961.1602   4938.8901   4901.2598   4843.7100   4757.3398   4657.6299
    14.5   5005.5400   5005.5400   5005.5298   5005.5000   5005.4702   5005.4102   5005.3301   5005.2100   5005.0400   5004.8101   5004.4702   5003.9902   5003.3198   5002.3501   5001.0200   4999.0200   4996.2202   4992.0200   4985.6699   4976.4399   4961.1401   4938.8701   4901.2402   4843.6899   4757.3198   4657.6099
    15.0   5005.5200   5005.5098   5005.5000   5005.4800   5005.4399   5005.3901   5005.2998   5005.1899   5005.0200   5004.7798   5004.4399   5003.9600   5003.2998   5002.3198   5000.9902   4998.9902   4996.2002   4991.9902   4985.6499   4976.4199   4961.1099   4938.8398   4901.2100   4843.6699   4757.2998   4657.5898
    15.5   5005.4902   5005.4800   5005.4702   5005.4502   5005.4102   5005.3599   5005.2700   5005.1602   5004.9902   5004.7500   5004.4102   5003.9302   5003.2700   5002.2900   5000.9702   4998.9702   4996.1699   4991.9702   4985.6201   4976.3901   4961.0898   4938.8198   4901.1899   4843.6401   4757.2700   4657.5601
    16.0   5005.4502   5005.4502   5005.4399   5005.4102   5005.3799   5005.3198   5005.2402   5005.1201   5004.9502   5004.7202   5004.3799   5003.8999   5003.2402   5002.2598   5000.9399   4998.9302   4996.1401   4991.9399   4985.5898   4976.3599   4961.0498   4938.7900   4901.1602   4843.6099   4757.2402   4657.5298
    16.5   5005.4102   5005.4102   5005.3999   5005.3701   5005.3398   5005.2798   5005.2002   5005.0898   5004.9102   5004.6802   5004.3398   5003.8599   5003.2002   5002.2202   5000.8999   4998.8901   4996.1001   4991.8999   4985.5498   4976.3198   4961.0200   4938.7500   4901.1201   4843.5801   4757.2100   4657.5000
    17.0   5005.3701   5005.3599   5005.3501   5005.3301   5005.2900   5005.2402   5005.1602   5005.0400   5004.8701   5004.6401   5004.2998   5003.8198   5003.1602   5002.1802   5000.8599   4998.8501   4996.0601   4991.8599   4985.5098   4976.2798   4960.9800   4938.7100   4901.0801   4843.5400   4757.1699   4657.4600
    17.5   5005.3198   5005.3198   5005.2998   5005.2798   5005.2402   5005.1899   5005.1099   5004.9902   5004.8198   5004.5898   5004.2500   5003.7700   5003.1099   5002.1299   5000.8101   4998.8101   4996.0200   4991.8101   4985.4702   4976.2402   4960.9399   4938.6699   4901.0400   4843.5000   4757.1299   4657.4199
    18.0   5005.2700   5005.2598   5005.2500   5005.2300   5005.1899   5005.1401   5005.0601   5004.9399   5004.7700   5004.5400   5004.2002   5003.7202   5003.0601   5002.0801   5000.7598   4998.7598   4995.9702   4991.7700   4985.4199   4976.1899   4960.8901   4938.6201   4900.9902   4843.4502   4757.0898   4657.3799
    18.5   5005.2100   5005.2100   5005.2002   5005.1802   5005.1401   5005.0898   5005.0000   5004.8901   5004.7202   5004.4800   5004.1499   5003.6699   5003.0098   5002.0298   5000.7100   4998.7100   4995.9199   4991.7202   4985.3701   4976.1401   4960.8398   4938.5698   4900.9502   4843.4102   4757.0400   4657.3301
    19.0   5005.1499   5005.1499   5005.1401   5005.1099   5005.0801   5005.0200   5004.9399   5004.8301   5004.6602   5004.4199   5004.0898   5003.6099   5002.9502   5001.9702   5000.6499   4998.6499   4995.8599   4991.6602   4985.3101   4976.0898   4960.7798   4938.5200   4900.8901   4843.3501   4756.9902   4657.2798
    19.5   5005.0698   5005.0698   5005.0601   5005.0400   5005.0000   5004.9502   5004.8701   5004.7500   5004.5801   5004.3501   5004.0098   5003.5298   5002.8701   5001.8901   5000.5698   4998.5698   4995.7798   4991.5801   4985.2402   4976.0098   4960.7100   4938.4502   4900.8198   4843.2798   4756.9199   4657.2100
    20.0   5004.9800   5004.9800   5004.9600   5004.9399   5004.9102   5004.8501   5004.7700   5004.6602   5004.4902   5004.2500   5003.9199   5003.4399   5002.7798   5001.7998   5000.4800   4998.4800   4995.6899   4991.4902   4985.1499   4975.9199   4960.6201   4938.3599   4900.7402   4843.2002   4756.8398   4657.1299
    20.5   5004.8701   5004.8701   5004.8501   5004.8301   5004.7998   5004.7402   5004.6602   5004.5498   5004.3799   5004.1401   5003.8101   5003.3301   5002.6699   5001.6899   5000.3799   4998.3701   4995.5801   4991.3901   4985.0400   4975.8198   4960.5200   4938.2598   4900.6401   4843.1001   4756.7402   4657.0400
    21.0   5004.7402   5004.7402   5004.7300   5004.7100   5004.6699   5004.6201   5004.5400   5004.4199   5004.2500   5004.0200   5003.6802   5003.2002   5002.5400   5001.5698   5000.2500   4998.2500   4995.4600   4991.2700   4984.9199   4975.7002   4960.3999   4938.1401   4900.5200   4842.9902   4756.6299   4656.9302
    21.5   5004.6001   5004.6001   5004.5801   5004.5601   5004.5298   5004.4702   5004.3901   5004.2798   5004.1099   5003.8799   5003.5400   5003.0601   5002.3999   5001.4302   5000.1099   4998.1099   4995.3301   4991.1299   4984.7900   4975.5698   4960.2700   4938.0098   4900.3901   4842.8599   4756.5000   4656.8101
    22.0   5004.4399   5004.4399   5004.4302   5004.3999   5004.3701   5004.3101   5004.2300   5004.1201   5003.9502   5003.7202   5003.3799   5002.8999   5002.2500   5001.2700   4999.9600   4997.9600   4995.1699   4990.9800   4984.6401   4975.4199   4960.1201   4937.8701   4900.2500   4842.7202   4756.3701   4656.6699
    22.5   5004.2598   5004.2598   5004.2500   5004.2300   5004.1899   5004.1401   5004.0601   5003.9502   5003.7798   5003.5400   5003.2100   5002.7300   5002.0698   5001.1001   4999.7900   4997.7900   4995.0000   4990.8101   4984.4702   4975.2500   4959.9600   4937.7100   4900.0898   4842.5601   4756.2100   4656.5200
    23.0   5004.0801   5004.0801   5004.0698   5004.0400   5004.0098   5003.9600   5003.8799   5003.7700   5003.6001   5003.3599   5003.0298   5002.5498   5001.8999   5000.9199   4999.6099   4997.6099   4994.8301   4990.6401   4984.2998   4975.0801   4959.7900   4937.5400   4899.9302   4842.3999   4756.0498   4656.3599
    23.5   5003.8701   5003.8701   5003.8599   5003.8398   5003.7998   5003.7500   5003.6699   5003.5601   5003.3901   5003.1602   5002.8301   5002.3501   5001.6899   5000.7202   4999.4102   4997.4102   4994.6299   4990.4399   4984.1001   4974.8901   4959.6001   4937.3501   4899.7402   4842.2202   4755.8701   4656.1802
    24.0   5003.6001   5003.6001   5003.5898   5003.5698   5003.5298   5003.4800   5003.3999   5003.2900   5003.1201   5002.8901   5002.5601   5002.0801   5001.4302   5000.4502   4999.1401   4997.1499   4994.3701   4990.1802   4983.8398   4974.6299   4959.3501   4937.1001   4899.4902   4841.9702   4755.6299   4655.9502
    24.5   5003.2700   5003.2700   5003.2598   5003.2300   5003.2002   5003.1499   5003.0698   5002.9600   5002.7900   5002.5601   5002.2300   5001.7500   5001.1001   5000.1299   4998.8101   4996.8198   4994.0400   4989.8501   4983.5200   4974.3101   4959.0298   4936.7900   4899.1899   4841.6699   4755.3301   4655.6602
    25.0   5002.8701   5002.8701   5002.8599   5002.8398   5002.7998   5002.7500   5002.6699   5002.5601   5002.3901   5002.1602   5001.8301   5001.3501   5000.7002   4999.7300   4998.4199   4996.4302   4993.6499   4989.4702   4983.1401   4973.9399   4958.6602   4936.4199   4898.8198   4841.3101   4754.9800   4655.3101
    25.5   5002.4102   5002.4102   5002.3999   5002.3701   5002.3398   5002.2900   5002.2100   5002.1001   5001.9302   5001.7002   5001.3701   5000.8999   5000.2500   4999.2798   4997.9702   4995.9800   4993.2002   4989.0200   4982.7002   4973.5000   4958.2202   4935.9902   4898.3999   4840.8999   4754.5698   4654.9102
    26.0   5001.8799   5001.8799   5001.8701   5001.8501   5001.8101   5001.7598   5001.6802   5001.5698   5001.4102   5001.1802   5000.8501   5000.3799   4999.7300   4998.7598   4997.4502   4995.4702   4992.6899   4988.5200   4982.1899   4972.9902   4957.7300   4935.5000   4897.9102   4840.4199   4754.1001   4654.4502
    26.5   5001.2900   5001.2900   5001.2798   5001.2598   5001.2300   5001.1699   5001.1001   5000.9902   5000.8198   5000.5898   5000.2598   4999.7900   4999.1401   4998.1802   4996.8701   4994.8901   4992.1201   4987.9399   4981.6299   4972.4399   4957.1699   4934.9502   4897.3701   4839.8901   4753.5801   4653.9399
    27.0   5000.6401   5000.6401   5000.6299   5000.6099   5000.5698   5000.5200   5000.4399   5000.3301   5000.1699   4999.9399   4999.6099   4999.1401   4998.5000   4997.5298   4996.2300   4994.2500   4991.4800   4987.3101   4981.0000   4971.8101   4956.5601   4934.3398   4896.7700   4839.2998   4753.0000   4653.3701
    27.5   4999.9399   4999.9399   4999.9302   4999.9102   4999.8799   4999.8301   4999.7500   4999.6401   4999.4800   4999.2500   4998.9199   4998.4502   4997.8101   4996.8501   4995.5400   4993.5698   4990.7998   4986.6401   4980.3301   4971.1499   4955.8999   4933.6899   4896.1299   4838.6699   4752.3799   4652.7598
    28.0   4999.2002   4999.2002   4999.1899   4999.1699   4999.1299   4999.0801   4999.0000   4998.8999   4998.7300   4998.5098   4998.1802   4997.7100   4997.0698   4996.1099   4994.8101   4992.8398   4990.0801   4985.9199   4979.6099   4970.4399   4955.2002   4932.9902   4895.4502   4837.9902   4751.7100   4652.1001
    28.5   4998.2002   4998.2002   4998.1899   4998.1699   4998.1401   4998.0898   4998.0098   4997.8999   4997.7402   4997.5098   4997.1899   4996.7202   4996.0801   4995.1299   4993.8301   4991.8599   4989.1001   4984.9502   4978.6499   4969.4902   4954.2500   4932.0601   4894.5298   4837.0801   4750.8198   4651.2300
    29.0   4996.9600   4996.9502   4996.9399   4996.9199   4996.8901   4996.8398   4996.7700   4996.6602   4996.5000   4996.2700   4995.9502   4995.4800   4994.8398   4993.8901   4992.6001   4990.6299   4987.8799   4983.7300   4977.4502   4968.2900   4953.0698   4930.8901   4893.3701   4835.9502   4749.7002   4650.1299
    29.5   4995.4600   4995.4600   4995.4502   4995.4302   4995.3901   4995.3501   4995.2700   4995.1602   4995.0000   4994.7798   4994.4600   4993.9902   4993.3599   4992.4102   4991.1201   4989.1602   4986.4199   4982.2700   4975.9902   4966.8501   4951.6401   4929.4902   4891.9800   4834.5698   4748.3501   4648.7998
    30.0   4993.7100   4993.7100   4993.7002   4993.6802   4993.6499   4993.6001   4993.5200   4993.4199   4993.2598   4993.0298   4992.7100   4992.2500   4991.6201   4990.6699   4989.3901   4987.4302   4984.7002   4980.5698   4974.2998   4965.1699   4949.9800   4927.8398   4890.3501   4832.9702   4746.7798   4647.2598
    30.5   4991.7100   4991.7100   4991.7002   4991.6802   4991.6499   4991.6001   4991.5200   4991.4199   4991.2598   4991.0400   4990.7202   4990.2598   4989.6299   4988.6899   4987.4102   4985.4600   4982.7402   4978.6201   4972.3599   4963.2500   4948.0698   4925.9502   4888.4902   4831.1401   4744.9800   4645.4902
    31.0   4989.4600   4989.4600   4989.4502   4989.4302   4989.3999   4989.3501   4989.2798   4989.1699   4989.0098   4988.7900   4988.4800   4988.0200   4987.3901   4986.4600   4985.1802   4983.2402   4980.5298   4976.4199   4970.1802   4961.0801   4945.9199   4923.8301   4886.3999   4829.0698   4742.9502   4643.5098
    31.5   4986.9600   4986.9600   4986.9502   4986.9302   4986.8999   4986.8501   4986.7798   4986.6699   4986.5200   4986.2998   4985.9800   4985.5298   4984.9102   4983.9702   4982.7100   4980.7798   4978.0698   4973.9702   4967.7500   4958.6699   4943.5400   4921.4702   4884.0601   4826.7798   4740.6899   4641.2998
    32.0   4984.2100   4984.2100   4984.2002   4984.1802   4984.1499   4984.1001   4984.0298   4983.9199   4983.7700   4983.5498   4983.2402   4982.7900   4982.1699   4981.2402   4979.9800   4978.0601   4975.3599   4971.2798   4965.0801   4956.0200   4940.9102   4918.8701   4881.5000   4824.2500   4738.2100   4638.8599
    32.5   4981.3701   4981.3701   4981.3599   4981.3398   4981.3101   4981.2598   4981.1899   4981.0898   4980.9302   4980.7202   4980.4102   4979.9600   4979.3398   4978.4199   4977.1699   4975.2598   4972.5801   4968.5098   4962.3198   4953.2798   4938.2002   4916.1899   4878.8501   4821.6499   4735.6401   4636.3398
    33.0   4977.6001   4977.6001   4977.5898   4977.5698   4977.5400   4977.4902   4977.4199   4977.3198   4977.1602   4976.9502   4976.6401   4976.2002   4975.5898   4974.6699   4973.4302   4971.5298   4968.8599   4964.8101   4958.6499   4949.6299   4934.5801   4912.6099   4875.3198   4818.1699   4732.2100   4632.9702
    33.5   4972.8901   4972.8799   4972.8701   4972.8599   4972.8301   4972.7798   4972.7100   4972.6099   4972.4502   4972.2402   4971.9399   4971.5000   4970.8901   4969.9902   4968.7500   4966.8599   4964.2100   4960.1802   4954.0400   4945.0601   4930.0498   4908.1299   4870.8901   4813.8101   4727.9199   4628.7500
    34.0   4967.2402   4967.2300   4967.2202   4967.2100   4967.1802   4967.1299   4967.0601   4966.9600   4966.8101   4966.5898   4966.2900   4965.8599   4965.2598   4964.3599   4963.1401   4961.2598   4958.6299   4954.6201   4948.5200   4939.5698   4924.6099   4902.7402   4865.5698   4808.5601   4722.7598   4623.6899
    34.5   4960.6499   4960.6499   4960.6401   4960.6201   4960.5898   4960.5400   4960.4702   4960.3701   4960.2202   4960.0098   4959.7100   4959.2798   4958.6899   4957.7998   4956.5898   4954.7300   4952.1099   4948.1401   4942.0601   4933.1602   4918.2500   4896.4502   4859.3599   4802.4399   4716.7402   4617.7900
    35.0   4953.1201   4953.1201   4953.1099   4953.0898   4953.0601   4953.0098   4952.9399   4952.8398   4952.6899   4952.4800   4952.1899   4951.7598   4951.1699   4950.2900   4949.1001   4947.2598   4944.6699   4940.7202   4934.6899   4925.8301   4910.9902   4889.2598   4852.2500   4795.4302   4709.8599   4611.0400
    35.5   4944.6602   4944.6499   4944.6401   4944.6299   4944.5898   4944.5498   4944.4702   4944.3701   4944.2300   4944.0200   4943.7300   4943.2998   4942.7202   4941.8599   4940.6699   4938.8501   4936.2900   4932.3701   4926.3799   4917.5898   4902.8101   4881.1602   4844.2500   4787.5400   4702.1201   4603.4502
    36.0   4935.2500   4935.2500   4935.2402   4935.2202   4935.1899   4935.1401   4935.0698   4934.9702   4934.8198   4934.6201   4934.3301   4933.9102   4933.3398   4932.4800   4931.3101   4929.5098   4926.9702   4923.1001   4917.1602   4908.4199   4893.7202   4872.1602   4835.3599   4778.7700   4693.5098   4595.0200
    36.5   4924.9102   4924.9102   4924.8999   4924.8799   4924.8398   4924.7900   4924.7202   4924.6201   4924.4800   4924.2700   4923.9902   4923.5698   4923.0098   4922.1602   4921.0098   4919.2402   4916.7300   4912.8999   4907.0000   4898.3398   4883.7100   4862.2500   4825.5698   4769.1201   4684.0400   4585.7402
    37.0   4913.8301   4913.8301   4913.8198   4913.7998   4913.7598   4913.7202   4913.6401   4913.5400   4913.3999   4913.2002   4912.9199   4912.5098   4911.9502   4911.1201   4909.9902   4908.2402   4905.7598   4901.9800   4896.1401   4887.5400   4873.0098   4851.6602   4815.1099   4758.8301   4673.8701   4575.7500
    37.5   4899.9502   4899.9502   4899.9399   4899.9199   4899.8799   4899.8398   4899.7598   4899.6602   4899.5200   4899.3198   4899.0400   4898.6401   4898.0898   4897.2700   4896.1602   4894.4302   4891.9902   4888.2598   4882.4902   4873.9702   4859.5498   4838.3301   4801.9399   4745.8599   4661.0801   4563.1699
    38.0   4883.0801   4883.0801   4883.0601   4883.0400   4883.0098   4882.9600   4882.8799   4882.7798   4882.6401   4882.4302   4882.1602   4881.7598   4881.2202   4880.4199   4879.3198   4877.6299   4875.2300   4871.5498   4865.8599   4857.4302   4843.1299   4822.0601   4785.8599   4730.0098   4645.4702   4547.8501
    38.5   4863.2100   4863.2100   4863.2002   4863.1699   4863.1299   4863.0801   4863.0098   4862.8999   4862.7598   4862.5498   4862.2798   4861.8901   4861.3599   4860.5601   4859.4902   4857.8198   4855.4702   4851.8398   4846.2402   4837.9102   4823.7500   4802.8501   4766.8799   4711.2900   4627.0601   4529.7900
    39.0   4840.3501   4840.3501   4840.3301   4840.3101   4840.2700   4840.2100   4840.1299   4840.0200   4839.8799   4839.6699   4839.3999   4839.0098   4838.4800   4837.7100   4836.6499   4835.0200   4832.7100   4829.1499   4823.6299   4815.4199   4801.4102   4780.7100   4744.9800   4689.7002   4605.8301   4508.9800
    39.5   4814.4902   4814.4902   4814.4702   4814.4502   4814.3999   4814.3501   4814.2598   4814.1499   4813.9902   4813.7900   4813.5200   4813.1299   4812.6099   4811.8501   4810.8101   4809.2100   4806.9502   4803.4600   4798.0400   4789.9600   4776.1201   4755.6401   4720.1802   4665.2300   4581.7998   4485.4199
    40.0   4785.6401   4785.6401   4785.6201   4785.5898   4785.5400   4785.4800   4785.3901   4785.2798   4785.1201   4784.9102   4784.6401   4784.2500   4783.7402   4782.9800   4781.9702   4780.4102   4778.2002   4774.7798   4769.4600   4761.5200   4747.8701   4727.6299   4692.4800   4637.8901   4554.9600   4459.1201
    40.5   4753.7998   4753.7900   4753.7700   4753.7402   4753.6899   4753.6201   4753.5298   4753.4102   4753.2402   4753.0298   4752.7500   4752.3701   4751.8599   4751.1201   4750.1299   4748.6001   4746.4399   4743.1099   4737.8901   4730.1099   4716.6699   4696.6802   4661.8599   4607.6802   4525.2998   4430.0801
    41.0   4718.9600   4718.9502   4718.9302   4718.8999   4718.8398   4718.7700   4718.6699   4718.5400   4718.3701   4718.1499   4717.8701   4717.4800   4716.9800   4716.2500   4715.2798   4713.7998   4711.6899   4708.4502   4703.3398   4695.7300   4682.5098   4662.7998   4628.3398   4574.5898   4492.8398   4398.2900
    41.5   4679.3701   4679.3701   4679.3398   4679.2998   4679.2402   4679.1602   4679.0601   4678.9199   4678.7500   4678.5200   4678.2402   4677.8501   4677.3599   4676.6401   4675.7002   4674.2598   4672.2100   4669.0698   4664.0898   4656.6699   4643.7100   4624.3198   4590.2900   4537.1001   4455.8901   4361.9902
    42.0   4634.1099   4634.1001   4634.0801   4634.0400   4633.9702   4633.8799   4633.7598   4633.6201   4633.4399   4633.2002   4632.9102   4632.5200   4632.0298   4631.3198   4630.3999   4628.9902   4627.0098   4623.9600   4619.1201   4611.8799   4599.1899   4580.1401   4546.5801   4494.0298   4413.3999   4320.2700
    42.5   4583.5801   4583.5698   4583.5400   4583.4902   4583.4102   4583.3198   4583.1899   4583.0298   4582.8398   4582.5898   4582.2900   4581.8901   4581.3901   4580.6899   4579.7798   4578.4102   4576.4702   4573.5098   4568.7998   4561.7300   4549.2998   4530.5898   4497.5200   4445.6499   4365.7598   4273.5200
    43.0   4527.7598   4527.7500   4527.7202   4527.6602   4527.5801   4527.4702   4527.3301   4527.1602   4526.9502   4526.6802   4526.3701   4525.9600   4525.4502   4524.7500   4523.8501   4522.5000   4520.6001   4517.7100   4513.1201   4506.2100   4494.0400   4475.6699   4443.1201   4391.9600   4312.9399   4221.7402
    43.5   4466.6699   4466.6602   4466.6201   4466.5601   4466.4702   4466.3501   4466.1899   4466.0000   4465.7700   4465.4902   4465.1499   4464.7202   4464.2100   4463.4902   4462.5898   4461.2598   4459.3901   4456.5698   4452.0801   4445.3301   4433.4102   4415.3999   4383.3701   4332.9600   4254.9502   4164.9302
    44.0   4400.3101   4400.2900   4400.2500   4400.1802   4400.0698   4399.9399   4399.7700   4399.5601   4399.3101   4398.9902   4398.6401   4398.1899   4397.6499   4396.9302   4396.0098   4394.6899   4392.8501   4390.0801   4385.6899   4379.0898   4367.4102   4349.7500   4318.2798   4268.6602   4191.7998   4103.0898
    44.5   4328.6602   4328.6499   4328.6001   4328.5200   4328.3999   4328.2500   4328.0601   4327.8301   4327.5498   4327.2202   4326.8301   4326.3501   4325.7900   4325.0400   4324.1201   4322.7900   4320.9702   4318.2402   4313.9399   4307.4800   4296.0400   4278.7500   4247.8398   4199.0498   4123.4800   4036.2200
    45.0   4251.7402   4251.7300   4251.6699   4251.5801   4251.4502   4251.2798   4251.0698   4250.8101   4250.5098   4250.1499   4249.7300   4249.2202   4248.6201   4247.8501   4246.8999   4245.5698   4243.7598   4241.0601   4236.8301   4230.5098   4219.3101   4202.3799   4172.0698   4124.1299   4049.9900   3964.3201
    45.5   4169.5498   4169.5298   4169.4702   4169.3701   4169.2202   4169.0298   4168.7998   4168.5098   4168.1802   4167.7798   4167.3301   4166.7798   4166.1499   4165.3398   4164.3701   4163.0200   4161.2100   4158.5298   4154.3701   4148.1802   4137.2002   4120.6499   4090.9399   4043.8999   3971.3301   3887.3999
    46.0   4082.1599   4082.1399   4082.0701   4081.9500   4081.7900   4081.5801   4081.3201   4081.0000   4080.6299   4080.2000   4079.7000   4079.1201   4078.4399   4077.5901   4076.5801   4075.2000   4073.3701   4070.7000   4066.5701   4060.4700   4049.6699   4033.4199   4004.3000   3958.2300   3887.2400   3805.1201
    46.5   3990.9299   3990.9099   3990.8201   3990.7000   3990.5200   3990.2800   3989.9900   3989.6399   3989.2300   3988.7600   3988.2100   3987.5701   3986.8401   3985.9399   3984.8701   3983.4399   3981.5601   3978.8601   3974.7200   3968.6399   3957.9500   3941.8899   3913.3000   3868.2300   3798.8501   3718.6399
    47.0   3896.1799   3896.1599   3896.0701   3895.9299   3895.7300   3895.4700   3895.1399   3894.7600   3894.3000   3893.7800   3893.1799   3892.4800   3891.6899   3890.7200   3889.5801   3888.0701   3886.1299   3883.3601   3879.1699   3873.0601   3862.4199   3846.5000   3818.3899   3774.2900   3706.6599   3628.5000
    47.5   3797.9299   3797.8999   3797.8000   3797.6399   3797.4199   3797.1299   3796.7700   3796.3401   3795.8401   3795.2600   3794.6001   3793.8401   3792.9700   3791.9199   3790.7000   3789.1001   3787.0601   3784.1899   3779.9099   3773.7200   3763.0701   3747.2500   3719.5601   3676.4099   3610.6799   3534.7100
    48.0   3696.2900   3696.2600   3696.1499   3695.9800   3695.7300   3695.4099   3695.0200   3694.5400   3693.9900   3693.3501   3692.6201   3691.7900   3690.8301   3689.6899   3688.3701   3686.6599   3684.5000   3681.4900   3677.0901   3670.7600   3660.0500   3644.2300   3616.9099   3574.7000   3510.9700   3437.3000
    48.5   3593.2300   3593.1899   3593.0701   3592.8799   3592.6101   3592.2600   3591.8201   3591.3000   3590.6899   3589.9900   3589.1899   3588.2700   3587.2200   3585.9700   3584.5300   3582.6899   3580.3899   3577.2200   3572.6299   3566.1201   3555.2700   3539.3601   3512.3501   3471.0901   3409.3501   3338.0200
    49.0   3489.3601   3489.3201   3489.1899   3488.9800   3488.6799   3488.3000   3487.8201   3487.2500   3486.5801   3485.8101   3484.9299   3483.9099   3482.7600   3481.3999   3479.8201   3477.8301   3475.3501   3471.9800   3467.1799   3460.4299   3449.3899   3433.3501   3406.6201   3366.2800   3306.6001   3237.6699
    49.5   3384.6899   3384.6499   3384.5100   3384.2800   3383.9500   3383.5300   3383.0000   3382.3799   3381.6499   3380.8000   3379.8301   3378.7200   3377.4500   3375.9600   3374.2300   3372.0701   3369.3899   3365.7900   3360.7300   3353.7000   3342.4099   3326.1899   3299.7100   3260.2800   3202.7000   3136.2300
    50.0   3279.2700   3279.2200   3279.0601   3278.8101   3278.4500   3277.9900   3277.4199   3276.7400   3275.9399   3275.0100   3273.9500   3272.7300   3271.3401   3269.7000   3267.8101   3265.4500   3262.5400   3258.6799   3253.3201   3245.9500   3234.3701   3217.9299   3191.6499   3153.1201   3097.6899   3033.7300
    50.5   3174.6101   3174.5500   3174.3899   3174.1101   3173.7200   3173.2200   3172.6001   3171.8601   3170.9900   3169.9800   3168.8201   3167.4800   3165.9600   3164.1699   3162.0901   3159.5200   3156.3601   3152.2100   3146.5200   3138.7800   3126.8701   3110.1699   3084.0701   3046.4199   2993.0901   2931.6001
    51.0   3071.3799   3071.3201   3071.1399   3070.8501   3070.4299   3069.8799   3069.2100   3068.4099   3067.4600   3066.3601   3065.1001   3063.6399   3061.9800   3060.0200   3057.7500   3054.9500   3051.5300   3047.0601   3041.0300   3032.8999   3020.6499   3003.6799   2977.7900   2941.0200   2889.7400   2830.6799
    51.5   2969.5901   2969.5200   2969.3301   2969.0100   2968.5601   2967.9800   2967.2500   2966.3799   2965.3501   2964.1699   2962.8000   2961.2100   2959.3999   2957.2600   2954.7900   2951.7500   2948.0500   2943.2500   2936.8501   2928.3101   2915.7200   2898.4800   2872.7900   2836.9199   2787.6499   2730.9800
    52.0   2869.2300   2869.1599   2868.9600   2868.6101   2868.1201   2867.5000   2866.7100   2865.7800   2864.6699   2863.3799   2861.8999   2860.1899   2858.2200   2855.8999   2853.2100   2849.9099   2845.9099   2840.7700   2833.9800   2825.0300   2812.0701   2794.5601   2769.0801   2734.1001   2686.8101   2632.5000
    52.5   2770.9900   2770.9199   2770.7000   2770.3301   2769.8101   2769.1399   2768.3000   2767.3000   2766.1001   2764.7200   2763.1201   2761.2700   2759.1299   2756.6201   2753.7100   2750.1399   2745.8401   2740.3401   2733.1499   2723.7700   2710.4600   2692.7300   2667.4700   2633.3601   2587.9900   2535.9900
    53.0   2675.3601   2675.2900   2675.0500   2674.6599   2674.1001   2673.3799   2672.4900   2671.4099   2670.1399   2668.6499   2666.9299   2664.9399   2662.6399   2659.9299   2656.8000   2652.9600   2648.3401   2642.4900   2634.9199   2625.1201   2611.4900   2593.5701   2568.5601   2535.3101   2491.8000   2442.0200
    53.5   2582.3000   2582.2300   2581.9700   2581.5601   2580.9700   2580.2000   2579.2500   2578.1001   2576.7400   2575.1499   2573.3101   2571.1699   2568.7100   2565.8101   2562.4399   2558.3301   2553.4099   2547.2000   2539.2500   2529.0701   2515.1499   2497.0601   2472.3201   2439.9500   2398.2000   2350.5400
    54.0   2491.8201   2491.7400   2491.4700   2491.0300   2490.3999   2489.5901   2488.5801   2487.3601   2485.9099   2484.2200   2482.2600   2479.9800   2477.3501   2474.2400   2470.6399   2466.2700   2461.0300   2454.4800   2446.1599   2435.6101   2421.4199   2403.1899   2378.7600   2347.2800   2307.1899   2261.5500
    54.5   2404.0801   2403.9900   2403.7100   2403.2400   2402.5801   2401.7200   2400.6499   2399.3601   2397.8301   2396.0300   2393.9399   2391.5200   2388.7200   2385.4099   2381.5801   2376.9299   2371.3899   2364.5000   2355.8301   2344.9299   2330.5100   2312.2100   2288.1101   2257.4800   2219.0300   2175.3701
    55.0   2319.2200   2319.1299   2318.8301   2318.3401   2317.6399   2316.7400   2315.6101   2314.2500   2312.6201   2310.7300   2308.5200   2305.9500   2302.9800   2299.4800   2295.4099   2290.5100   2284.6699   2277.4600   2268.4700   2257.2600   2242.6499   2224.3301   2200.5901   2170.8000   2133.9299   2092.1499
    55.5   2237.2000   2237.1001   2236.7900   2236.2700   2235.5400   2234.5901   2233.3999   2231.9700   2230.2600   2228.2600   2225.9299   2223.2200   2220.0901   2216.3999   2212.1101   2206.9600   2200.8401   2193.3301   2184.0400   2172.5601   2157.8101   2139.5000   2116.1499   2087.2000   2051.7900   2011.8101
    56.0   2158.0100   2157.8999   2157.5801   2157.0400   2156.2700   2155.2800   2154.0300   2152.5300   2150.7400   2148.6399   2146.1899   2143.3401   2140.0500   2136.1699   2131.6799   2126.2800   2119.8999   2112.1201   2102.5601   2090.8501   2075.9800   2057.7200   2034.7800   2006.6801   1972.6400   1934.3300
    56.5   2081.6699   2081.5601   2081.2200   2080.6599   2079.8601   2078.8201   2077.5100   2075.9399   2074.0701   2071.8701   2069.3101   2066.3201   2062.8701   2058.8101   2054.1101   2048.4900   2041.8700   2033.8300   2024.0300   2012.1200   1997.2000   1979.0400   1956.5200   1929.2500   1896.5300   1859.8400
    57.0   2008.0500   2007.9301   2007.5900   2006.9900   2006.1600   2005.0800   2003.7200   2002.0900   2000.1300   1997.8400   1995.1600   1992.0500   1988.4500   1984.2200   1979.3300   1973.4900   1966.6400   1958.3800   1948.3800   1936.3199   1921.3700   1903.3600   1881.2900   1854.8199   1823.4100   1788.2700
    57.5   1937.0900   1936.9700   1936.6000   1935.9900   1935.1300   1934.0000   1932.5900   1930.8900   1928.8600   1926.4800   1923.6899   1920.4600   1916.7100   1912.3300   1907.2500   1901.2300   1894.1700   1885.7100   1875.5400   1863.3600   1848.4301   1830.5900   1808.9800   1783.3000   1753.1200   1719.4399
    58.0   1868.7700   1868.6500   1868.2700   1867.6400   1866.7500   1865.5800   1864.1200   1862.3600   1860.2500   1857.7800   1854.9000   1851.5400   1847.6700   1843.1300   1837.8900   1831.6899   1824.4500   1815.8300   1805.5200   1793.2600   1778.3800   1760.7300   1739.6000   1714.7100   1685.6500   1653.3500
    58.5   1803.1100   1802.9800   1802.5900   1801.9399   1801.0100   1799.8101   1798.3000   1796.4800   1794.3000   1791.7500   1788.7700   1785.3101   1781.3101   1776.6300   1771.2500   1764.8900   1757.4900   1748.7200   1738.3000   1725.9900   1711.2000   1693.7800   1673.1200   1649.0100   1621.0100   1590.0100
    59.0   1739.8600   1739.7300   1739.3300   1738.6600   1737.7100   1736.4700   1734.9100   1733.0400   1730.7900   1728.1600   1725.0900   1721.5200   1717.4100   1712.6100   1707.0900   1700.5900   1693.0601   1684.1700   1673.6801   1661.3700   1646.6899   1629.5300   1609.3400   1585.9399   1559.0400   1529.3300
    59.5   1678.9600   1678.8300   1678.4200   1677.7300   1676.7500   1675.4700   1673.8700   1671.9399   1669.6400   1666.9399   1663.7800   1660.1200   1655.9100   1650.9900   1645.3500   1638.7400   1631.0900   1622.1200   1611.5800   1599.2900   1584.7600   1567.8800   1548.1700   1525.4900   1499.6100   1471.1000
    60.0   1620.4100   1620.2700   1619.8500   1619.1400   1618.1400   1616.8300   1615.1899   1613.2100   1610.8500   1608.0800   1604.8500   1601.1000   1596.7900   1591.7800   1586.0300   1579.3300   1571.5800   1562.5500   1552.0100   1539.7600   1525.3900   1508.8199   1489.6100   1467.6600   1442.7100   1415.3199
    60.5   1564.1300   1563.9900   1563.5601   1562.8400   1561.8101   1560.4700   1558.7900   1556.7700   1554.3500   1551.5200   1548.2300   1544.4000   1540.0100   1534.9100   1529.0800   1522.2900   1514.4800   1505.4100   1494.8800   1482.7100   1468.5400   1452.2800   1433.5699   1412.3000   1388.2800   1361.9800
    61.0   1509.9301   1509.7800   1509.3400   1508.6000   1507.5500   1506.1899   1504.4700   1502.4100   1499.9399   1497.0601   1493.7000   1489.8101   1485.3400   1480.1700   1474.2700   1467.4200   1459.5601   1450.4800   1439.9800   1427.9200   1413.9500   1398.0200   1379.7900   1359.1899   1336.0699   1310.8199
    61.5   1457.7700   1457.6200   1457.1700   1456.4200   1455.3500   1453.9600   1452.2100   1450.1100   1447.6000   1444.6700   1441.2600   1437.3101   1432.7800   1427.5500   1421.5900   1414.6899   1406.8101   1397.7400   1387.2900   1375.3500   1361.6200   1346.0200   1328.2800   1308.3400   1286.0601   1261.7900
    62.0   1407.6600   1407.5000   1407.0500   1406.2900   1405.2000   1403.7800   1402.0100   1399.8800   1397.3300   1394.3500   1390.9000   1386.9000   1382.3199   1377.0400   1371.0300   1364.1100   1356.2300   1347.1801   1336.8199   1325.0200   1311.5200   1296.2700   1279.0400   1259.7500   1238.2500   1214.9000
    62.5   1359.4200   1359.2700   1358.8000   1358.0300   1356.9301   1355.4900   1353.6899   1351.5300   1348.9500   1345.9399   1342.4399   1338.4000   1333.7800   1328.4700   1322.4399   1315.5100   1307.6300   1298.6300   1288.3600   1276.7300   1263.4800   1248.5800   1231.8199   1213.1400   1192.4399   1170.0000
    63.0   1312.9600   1312.8101   1312.3400   1311.5500   1310.4399   1308.9800   1307.1600   1304.9700   1302.3700   1299.3199   1295.7900   1291.7200   1287.0800   1281.7400   1275.6899   1268.7700   1260.9200   1251.9800   1241.8199   1230.3600   1217.3800   1202.8300   1186.5400   1168.4600   1148.5100   1126.9301
    63.5   1268.2800   1268.1200   1267.6500   1266.8500   1265.7300   1264.2600   1262.4200   1260.2100   1257.5800   1254.5100   1250.9600   1246.8700   1242.2000   1236.8500   1230.8000   1223.8900   1216.0800   1207.2200   1197.2000   1185.9200   1173.2100   1159.0100   1143.2000   1125.7100   1106.4700   1085.6899
    64.0   1225.3300   1225.1700   1224.6899   1223.8900   1222.7500   1221.2700   1219.4200   1217.1899   1214.5500   1211.4600   1207.8900   1203.7800   1199.1000   1193.7600   1187.7200   1180.8400   1173.0900   1164.3199   1154.4399   1143.3600   1130.9200   1117.0800   1101.7300   1084.8101   1066.2500   1046.2600
    64.5   1183.9301   1183.7700   1183.2900   1182.4800   1181.3400   1179.8400   1177.9800   1175.7400   1173.0800   1169.9800   1166.4000   1162.2900   1157.6100   1152.2700   1146.2500   1139.4200   1131.7300   1123.0699   1113.3400   1102.4600   1090.3000   1076.8300   1061.9200   1045.5400   1027.6500   1008.4200
    65.0   1144.0699   1143.9100   1143.4301   1142.6100   1141.4600   1139.9600   1138.0900   1135.8400   1133.1700   1130.0699   1126.4800   1122.3700   1117.6899   1112.3800   1106.3900   1099.6100   1092.0000   1083.4500   1073.8800   1063.2200   1051.3400   1038.2200   1023.7500   1007.9200    990.6550    972.1350
    65.5   1105.7500   1105.5800   1105.1000   1104.2800   1103.1300   1101.6200   1099.7500   1097.4900   1094.8199   1091.7100   1088.1300   1084.0200   1079.3600   1074.0699   1068.1300   1061.4100   1053.9000   1045.4700   1036.0699   1025.6300   1014.0300   1001.2600    987.2370    971.9240    955.2570    937.4120
    66.0   1068.8400   1068.6700   1068.1899   1067.3700   1066.2100   1064.7000   1062.8300   1060.5699   1057.9000   1054.7900   1051.2100   1047.1200   1042.4900   1037.2300   1031.3400   1024.6899   1017.2800   1008.9900    999.7610    989.5440    978.2330    965.8120    952.2040    937.3850    921.3180    904.1380
    66.5   1033.2600   1033.0900   1032.6000   1031.7900   1030.6300   1029.1200   1027.2400   1024.9900   1022.3200   1019.2200   1015.6600   1011.5900   1006.9800   1001.7700    995.9310    989.3680    982.0560    973.9080    964.8600    954.8700    943.8430    931.7650    918.5700    904.2350    888.7340    872.1860
    67.0    999.0040    998.8390    998.3530    997.5340    996.3750    994.8710    992.9970    990.7490    988.0890    985.0060    981.4590    977.4140    972.8450    967.6800    961.9070    955.4320    948.2330    940.2310    931.3680    921.6050    910.8610    899.1230    886.3340    872.4740    857.5080    841.5590
    67.5    966.0530    965.8880    965.4040    964.5860    963.4290    961.9290    960.0610    957.8210    955.1750    952.1080    948.5850    944.5720    940.0440    934.9360    929.2340    922.8550    915.7760    907.9250    899.2510    889.7180    879.2550    867.8510    855.4560    842.0510    827.6060    812.2350
    68.0    934.2700    934.1060    933.6220    932.8080    931.6550    930.1610    928.3020    926.0730    923.4410    920.3960    916.9010    912.9240    908.4430    903.3960    897.7720    891.4920    884.5370    876.8400    868.3570    859.0550    848.8700    837.7920    825.7780    812.8120    798.8740    784.0630
    68.5    903.6370    903.4760    902.9930    902.1820    901.0360    899.5490    897.7010    895.4870    892.8740    889.8520    886.3890    882.4530    878.0240    873.0440    867.5020    861.3260    854.4980    846.9590    838.6680    829.5950    819.6840    808.9270    797.2860    784.7480    771.2930    757.0140
    69.0    874.2070    874.0490    873.5650    872.7610    871.6220    870.1460    868.3110    866.1130    863.5230    860.5280    857.1000    853.2100    848.8370    843.9280    838.4720    832.4040    825.7090    818.3300    810.2340    801.3870    791.7470    781.3040    770.0290    757.9080    744.9070    731.1340
    69.5    845.7720    845.6150    845.1360    844.3360    843.2070    841.7420    839.9220    837.7440    835.1780    832.2150    828.8270    824.9850    820.6720    815.8390    810.4750    804.5200    797.9580    790.7420    782.8380    774.2220    764.8500    754.7140    743.7880    732.0620    719.5220    706.2480
    70.0    818.3600    818.2040    817.7290    816.9350    815.8150    814.3630    812.5600    810.4040    807.8650    804.9360    801.5900    797.8000    793.5500    788.7950    783.5240    777.6830    771.2570    764.2040    756.4920    748.1020    738.9920    729.1560    718.5720    707.2300    695.1280    682.3310
    70.5    791.9190    791.7640    791.2930    790.5070    789.3970    787.9590    786.1750    784.0420    781.5320    778.6400    775.3380    771.6030    767.4190    762.7440    757.5700    751.8450    745.5560    738.6660    731.1450    722.9760    714.1240    704.5830    694.3320    683.3640    671.6800    659.3380
    71.0    766.4490    766.2950    765.8290    765.0510    763.9520    762.5290    760.7660    758.6580    756.1800    753.3260    750.0720    746.3950    742.2800    737.6880    732.6120    727.0050    720.8550    714.1270    706.7970    698.8470    690.2470    680.9930    671.0690    660.4660    649.1780    637.2700
    71.5    742.0100    741.8570    741.3970    740.6270    739.5410    738.1350    736.3930    734.3120    731.8690    729.0550    725.8510    722.2340    718.1910    713.6850    708.7090    703.2210    697.2120    690.6460    683.5060    675.7690    667.4170    658.4440    648.8370    638.5880    627.6740    616.1780
    72.0    718.3090    718.1580    717.7040    716.9430    715.8710    714.4820    712.7640    710.7120    708.3040    705.5340    702.3820    698.8270    694.8560    690.4380    685.5640    680.1980    674.3280    667.9240    660.9700    653.4480    645.3400    636.6390    627.3350    617.4210    606.8890    595.8010
    72.5    695.4780    695.3300    694.8800    694.1300    693.0720    691.7020    690.0080    687.9850    685.6140    682.8890    679.7900    676.2980    672.4020    668.0720    663.3010    658.0550    652.3230    646.0800    639.3090    631.9980    624.1260    615.6910    606.6820    597.0930    586.9240    576.2270
    73.0    673.4570    673.3100    672.8670    672.1270    671.0840    669.7340    668.0650    666.0740    663.7410    661.0610    658.0170    654.5890    650.7690    646.5270    641.8600    636.7340    631.1410    625.0570    618.4670    611.3610    603.7210    595.5440    586.8230    577.5500    567.7270    557.4050
    73.5    652.2450    652.1010    651.6650    650.9350    649.9080    648.5790    646.9360    644.9770    642.6830    640.0500    637.0620    633.7010    629.9570    625.8060    621.2420    616.2350    610.7800    604.8530    598.4440    591.5380    584.1230    576.1990    567.7570    558.7920    549.2980    539.3330
    74.0    631.7970    631.6550    631.2250    630.5070    629.4960    628.1880    626.5720    624.6460    622.3930    619.8090    616.8770    613.5830    609.9170    605.8560    601.3960    596.5090    591.1900    585.4190    579.1840    572.4760    565.2830    557.6020    549.4290    540.7580    531.5890    521.9710
    74.5    612.0380    611.8970    611.4750    610.7690    609.7740    608.4880    606.8990    605.0070    602.7960    600.2590    597.3850    594.1580    590.5700    586.5990    582.2430    577.4750    572.2910    566.6730    560.6100    554.0950    547.1170    539.6740    531.7610    523.3750    514.5190    505.2360
    75.0    592.9660    592.8280    592.4130    591.7190    590.7410    589.4770    587.9170    586.0590    583.8890    581.4020    578.5850    575.4260    571.9160    568.0360    563.7820    559.1330    554.0820    548.6140    542.7200    536.3930    529.6250    522.4120    514.7530    506.6440    498.0870    489.1250
    75.5    574.5830    574.4470    574.0390    573.3570    572.3970    571.1550    569.6240    567.8020    565.6750    563.2370    560.4790    557.3870    553.9560    550.1660    546.0140    541.4810    536.5620    531.2420    525.5140    519.3710    512.8070    505.8190    498.4060    490.5650    482.2940    473.6390
    76.0    556.8630    556.7290    556.3290    555.6590    554.7160    553.4980    551.9960    550.2090    548.1250    545.7380    543.0380    540.0150    536.6610    532.9610    528.9110    524.4940    519.7040    514.5300    508.9640    503.0010    496.6350    489.8640    482.6880    475.1050    467.1130    458.7550
    76.5    539.7330    539.6020    539.2080    538.5510    537.6260    536.4320    534.9590    533.2080    531.1660    528.8300    526.1880    523.2330    519.9570    516.3460    512.3970    508.0930    503.4310    498.3990    492.9920    487.2050    481.0320    474.4720    467.5250    460.1900    452.4690    444.3990
    77.0    523.1880    523.0600    522.6740    522.0290    521.1220    519.9510    518.5090    516.7930    514.7940    512.5080    509.9260    507.0380    503.8390    500.3160    496.4660    492.2750    487.7370    482.8460    477.5930    471.9770    465.9920    459.6370    452.9130    445.8190    438.3570    430.5630
    77.5    507.2300    507.1040    506.7260    506.0930    505.2050    504.0570    502.6450    500.9650    499.0090    496.7730    494.2500    491.4290    488.3070    484.8710    481.1200    477.0380    472.6240    467.8690    462.7690    457.3190    451.5160    445.3600    438.8530    431.9920    424.7780    417.2490
    78.0    491.8450    491.7210    491.3510    490.7310    489.8600    488.7370    487.3540    485.7110    483.7980    481.6120    479.1470    476.3940    473.3480    469.9990    466.3440    462.3710    458.0780    453.4570    448.5040    443.2160    437.5900    431.6270    425.3290    418.6930    411.7190    404.4460
    78.5    476.9680    476.8470    476.4840    475.8770    475.0250    473.9250    472.5720    470.9650    469.0950    466.9590    464.5520    461.8650    458.8950    455.6300    452.0700    448.2040    444.0290    439.5390    434.7300    429.6000    424.1470    418.3700    412.2740    405.8540    399.1150    392.0890
    79.0    462.5910    462.4730    462.1170    461.5230    460.6890    459.6130    458.2900    456.7190    454.8910    452.8060    450.4550    447.8340    444.9380    441.7570    438.2910    434.5290    430.4690    426.1080    421.4390    416.4630    411.1780    405.5820    399.6810    393.4710    386.9570    380.1690
    79.5    448.7130    448.5970    448.2490    447.6690    446.8530    445.8010    444.5070    442.9720    441.1870    439.1500    436.8570    434.3000    431.4770    428.3790    425.0050    421.3450    417.3990    413.1620    408.6310    403.8040    398.6810    393.2620    387.5500    381.5440    375.2440    368.6850
    80.0    435.3300    435.2160    434.8770    434.3090    433.5120    432.4830    431.2190    429.7190    427.9770    425.9890    423.7510    421.2590    418.5080    415.4910    412.2070    408.6480    404.8130    400.6980    396.3000    391.6180    386.6530    381.4030    375.8740    370.0640    363.9730    357.6340
    80.5    422.3880    422.2760    421.9440    421.3890    420.6100    419.6050    418.3710    416.9060    415.2050    413.2660    411.0830    408.6540    405.9740    403.0370    399.8420    396.3810    392.6550    388.6580    384.3900    379.8500    375.0370    369.9520    364.6000    358.9780    353.0900    346.9640
    81.0    409.8710    409.7630    409.4380    408.8960    408.1340    407.1530    405.9470    404.5180    402.8580    400.9670    398.8390    396.4710    393.8620    391.0030    387.8940    384.5300    380.9090    377.0290    372.8870    368.4840    363.8200    358.8940    353.7130    348.2740    342.5810    336.6610
    81.5    397.7820    397.6760    397.3590    396.8290    396.0850    395.1270    393.9500    392.5550    390.9360    389.0920    387.0180    384.7120    382.1700    379.3880    376.3640    373.0940    369.5770    365.8090    361.7910    357.5210    353.0000    348.2300    343.2140    337.9530    332.4460    326.7240
    82.0    386.1170    386.0140    385.7040    385.1870    384.4610    383.5250    382.3770    381.0150    379.4370    377.6400    375.6190    373.3730    370.8980    368.1910    365.2510    362.0730    358.6560    354.9980    351.1000    346.9590    342.5780    337.9580    333.1030    328.0120    322.6850    317.1530
    82.5    374.8360    374.7350    374.4330    373.9280    373.2190    372.3070    371.1860    369.8590    368.3200    366.5670    364.5990    362.4120    360.0040    357.3710    354.5110    351.4230    348.1040    344.5540    340.7720    336.7570    332.5110    328.0360    323.3350    318.4070    313.2570    307.9100
    83.0    363.9200    363.8210    363.5260    363.0340    362.3420    361.4520    360.3590    359.0650    357.5650    355.8570    353.9410    351.8110    349.4680    346.9060    344.1260    341.1260    337.9020    334.4580    330.7870    326.8950    322.7810    318.4460    313.8950    309.1250    304.1450    298.9750
    83.5    353.3680    353.2720    352.9830    352.5040    351.8290    350.9610    349.8960    348.6340    347.1720    345.5070    343.6420    341.5690    339.2900    336.7980    334.0960    331.1810    328.0510    324.7080    321.1470    317.3740    313.3870    309.1880    304.7820    300.1650    295.3470    290.3490
    84.0    343.2010    343.1080    342.8260    342.3580    341.7000    340.8540    339.8160    338.5860    337.1620    335.5400    333.7250    331.7060    329.4890    327.0670    324.4400    321.6090    318.5680    315.3240    311.8700    308.2120    304.3480    300.2800    296.0140    291.5440    286.8820    282.0480
    84.5    333.3340    333.2430    332.9680    332.5110    331.8710    331.0450    330.0340    328.8360    327.4490    325.8710    324.1020    322.1400    319.9820    317.6270    315.0750    312.3240    309.3740    306.2240    302.8750    299.3270    295.5840    291.6450    287.5140    283.1900    278.6750    273.9980
    85.0    323.7940    323.7060    323.4380    322.9910    322.3680    321.5630    320.5780    319.4110    318.0590    316.5250    314.8020    312.8930    310.7940    308.5050    306.0260    303.3530    300.4910    297.4320    294.1860    290.7450    287.1180    283.3030    279.3030    275.1220    270.7470    266.2200
    85.5    314.5610    314.4750    314.2140    313.7770    313.1710    312.3860    311.4260    310.2910    308.9740    307.4820    305.8030    303.9480    301.9060    299.6810    297.2730    294.6760    291.8990    288.9290    285.7820    282.4450    278.9310    275.2360    271.3640    267.3200    263.0800    258.6980
    86.0    305.6350    305.5510    305.2970    304.8690    304.2800    303.5150    302.5800    301.4750    300.1920    298.7430    297.1060    295.3040    293.3160    291.1550    288.8150    286.2920    283.6000    280.7150    277.6650    274.4280    271.0230    267.4450    263.6970    259.7860    255.6750    251.4320
    86.5    297.0360    296.9540    296.7070    296.2890    295.7160    294.9700    294.0600    292.9840    291.7340    290.3260    288.7320    286.9800    285.0470    282.9470    280.6740    278.2230    275.6120    272.8090    269.8540    266.7130    263.4140    259.9480    256.3190    252.5370    248.5490    244.4390
    87.0    289.4670    289.3880    289.1470    288.7400    288.1810    287.4540    286.5680    285.5200    284.3020    282.9300    281.3780    279.6720    277.7900    275.7460    273.5340    271.1500    268.6090    265.8850    263.0100    259.9570    256.7510    253.3830    249.8570    246.1830    242.3150    238.3270
    87.5    282.0600    281.9830    281.7480    281.3520    280.8070    280.0990    279.2350    278.2140    277.0280    275.6910    274.1810    272.5190    270.6880    268.6990    266.5470    264.2280    261.7560    259.1080    256.3120    253.3460    250.2300    246.9580    243.5330    239.9650    236.2130    232.3440
    88.0    274.7930    274.7170    274.4880    274.1030    273.5720    272.8820    272.0410    271.0460    269.8920    268.5890    267.1200    265.5020    263.7210    261.7850    259.6910    257.4370    255.0320    252.4590    249.7420    246.8600    243.8330    240.6550    237.3300    233.8640    230.2270    226.4740
    88.5    267.6650    267.5920    267.3690    266.9940    266.4760    265.8050    264.9850    264.0160    262.8930    261.6240    260.1950    258.6200    256.8880    255.0050    252.9690    250.7770    248.4390    245.9390    243.2980    240.5000    237.5600    234.4740    231.2450    227.8810    224.3560    220.7170
    89.0    260.6780    260.6060    260.3890    260.0250    259.5200    258.8660    258.0690    257.1250    256.0320    254.7960    253.4070    251.8740    250.1890    248.3580    246.3780    244.2480    241.9750    239.5480    236.9810    234.2650    231.4100    228.4140    225.2810    222.0160    218.6000    215.0730
    89.5    253.8300    253.7600    253.5490    253.1950    252.7030    252.0670    251.2900    250.3720    249.3080    248.1050    246.7540    245.2630    243.6250    241.8450    239.9200    237.8510    235.6410    233.2850    230.7920    228.1550    225.3830    222.4760    219.4360    216.2690    212.9600    209.5420
    90.0    247.1220    247.0540    246.8480    246.5040    246.0250    245.4060    244.6500    243.7560    242.7220    241.5510    240.2380    238.7880    237.1960    235.4650    233.5950    231.5840    229.4380    227.1500    224.7290    222.1700    219.4810    216.6590    213.7110    210.6390    207.4340    204.1240
    90.5    240.5540    240.4880    240.2870    239.9540    239.4870    238.8850    238.1490    237.2790    236.2740    235.1340    233.8580    232.4470    230.9010    229.2190    227.4010    225.4490    223.3640    221.1440    218.7930    216.3110    213.7010    210.9650    208.1060    205.1270    202.0240    198.8180
    91.0    234.1260    234.0620    233.8670    233.5420    233.0870    232.5020    231.7870    230.9400    229.9630    228.8540    227.6140    226.2430    224.7400    223.1060    221.3410    219.4450    217.4200    215.2660    212.9850    210.5770    208.0460    205.3920    202.6210    199.7320    196.7290    193.6250
    91.5    227.8380    227.7750    227.5850    227.2700    226.8280    226.2590    225.5630    224.7400    223.7900    222.7110    221.5070    220.1730    218.7140    217.1270    215.4120    213.5730    211.6060    209.5170    207.3030    204.9680    202.5140    199.9410    197.2550    194.4560    191.5500    188.5450
    92.0    221.6900    221.6290    221.4440    221.1380    220.7070    220.1540    219.4770    218.6770    217.7540    216.7050    215.5350    214.2400    212.8220    211.2810    209.6160    207.8310    205.9220    203.8960    201.7480    199.4840    197.1050    194.6110    192.0090    189.2970    186.4850    183.5780
    92.5    215.6810    215.6220    215.4420    215.1450    214.7260    214.1890    213.5310    212.7520    211.8550    210.8350    209.7000    208.4410    207.0650    205.5690    203.9530    202.2210    200.3680    198.4030    196.3200    194.1260    191.8200    189.4040    186.8830    184.2550    181.5360    178.7230
    93.0    209.8130    209.7550    209.5800    209.2920    208.8840    208.3620    207.7230    206.9660    206.0950    205.1030    204.0010    202.7780    201.4430    199.9900    198.4220    196.7410    194.9430    193.0390    191.0190    188.8940    186.6590    184.3180    181.8760    179.3320    176.7030    173.9810
    93.5    204.0840    204.0280    203.8580    203.5790    203.1820    202.6750    202.0530    201.3180    200.4720    199.5080    198.4380    197.2510    195.9540    194.5440    193.0230    191.3930    189.6490    187.8040    185.8450    183.7860    181.6210    179.3530    176.9900    174.5260    171.9840    169.3530
    94.0    198.4960    198.4410    198.2760    198.0050    197.6190    197.1260    196.5220    195.8080    194.9860    194.0500    193.0120    191.8580    190.6010    189.2330    187.7570    186.1760    184.4850    182.6970    180.7980    178.8040    176.7060    174.5110    172.2230    169.8380    167.3810    164.8360
    94.5    193.0470    192.9940    192.8330    192.5700    192.1950    191.7160    191.1300    190.4360    189.6380    188.7280    187.7210    186.6020    185.3820    184.0540    182.6230    181.0910    179.4500    177.7180    175.8790    173.9470    171.9160    169.7900    167.5750    165.2670    162.8930    160.4330
    95.0    187.7380    187.6860    187.5300    187.2750    186.9100    186.4460    185.8760    185.2020    184.4270    183.5440    182.5670    181.4800    180.2970    179.0090    177.6210    176.1360    174.5460    172.8680    171.0860    169.2150    167.2490    165.1910    163.0480    160.8140    158.5200    156.1430
    95.5    182.5690    182.5190    182.3670    182.1190    181.7650    181.3140    180.7600    180.1060    179.3540    178.4970    177.5490    176.4940    175.3470    174.0980    172.7520    171.3130    169.7710    168.1460    166.4200    164.6090    162.7050    160.7130    158.6400    156.4790    154.2620    151.9650
    96.0    177.5400    177.4910    177.3440    177.1040    176.7590    176.3210    175.7840    175.1480    174.4190    173.5860    172.6670    171.6440    170.5310    169.3200    168.0150    166.6210    165.1270    163.5530    161.8810    160.1280    158.2850    156.3580    154.3520    152.2620    150.1200    147.9000
    96.5    172.6500    172.6030    172.4600    172.2270    171.8930    171.4670    170.9460    170.3290    169.6210    168.8130    167.9210    166.9290    165.8500    164.6760    163.4110    162.0600    160.6120    159.0880    157.4680    155.7720    153.9890    152.1240    150.1840    148.1620    146.0930    143.9480
    97.0    167.9010    167.8550    167.7160    167.4900    167.1650    166.7530    166.2460    165.6480    164.9610    164.1770    163.3120    162.3490    161.3030    160.1650    158.9390    157.6300    156.2270    154.7520    153.1830    151.5420    149.8160    148.0120    146.1350    144.1800    142.1810    140.1090
    97.5    163.2920    163.2470    163.1120    162.8930    162.5770    162.1770    161.6850    161.1040    160.4380    159.6770    158.8390    157.9050    156.8910    155.7880    154.5990    153.3310    151.9720    150.5440    149.0250    147.4360    145.7660    144.0210    142.2060    140.3160    138.3840    136.3830
    98.0    158.8220    158.7790    158.6480    158.4350    158.1290    157.7400    157.2630    156.6990    156.0530    155.3150    154.5020    153.5960    152.6130    151.5440    150.3920    149.1640    147.8480    146.4650    144.9940    143.4570    141.8410    140.1520    138.3970    136.5690    134.7030    132.7690
    98.5    154.4920    154.4500    154.3230    154.1170    153.8200    153.4420    152.9800    152.4320    151.8060    151.0890    150.3010    149.4220    148.4700    147.4330    146.3170    145.1280    143.8520    142.5140    141.0900    139.6020    138.0380    136.4050    134.7080    132.9400    131.1370    129.2680
    99.0    150.3030    150.2620    150.1390    149.9380    149.6500    149.2840    148.8340    148.3030    147.6950    147.0000    146.2360    145.3840    144.4610    143.4560    142.3750    141.2220    139.9870    138.6910    137.3130    135.8730    134.3600    132.7800    131.1380    129.4290    127.6860    125.8800
    99.5    146.2530    146.2130    146.0930    145.8990    145.6190    145.2640    144.8280    144.3130    143.7230    143.0490    142.3080    141.4820    140.5860    139.6130    138.5650    137.4490    136.2520    134.9970    133.6630    132.2690    130.8050    129.2760    127.6890    126.0350    124.3510    122.6050
   100.0    142.3430    142.3040    142.1880    141.9990    141.7280    141.3830    140.9600    140.4600    139.8880    139.2340    138.5150    137.7150    136.8470    135.9030    134.8880    133.8060    132.6470    131.4310    130.1390    128.7900    127.3730    125.8940    124.3580    122.7600    121.1300    119.4430
   100.5    138.5730    138.5350    138.4230    138.2390    137.9760    137.6410    137.2310    136.7460    136.1910    135.5570    134.8590    134.0830    133.2410    132.3270    131.3430    130.2940    129.1720    127.9940    126.7430    125.4370    124.0650    122.6340    121.1480    119.6010    118.0250    116.3930
   101.0    134.9420    134.9060    134.7970    134.6190    134.3630    134.0380    133.6400    133.1700    132.6310    132.0160    131.3390    130.5860    129.7700    128.8840    127.9300    126.9140    125.8260    124.6850    123.4740    122.2090    120.8810    119.4960    118.0570    116.5610    115.0350    113.4560
   101.5    131.4520    131.4170    131.3110    131.1380    130.8900    130.5740    130.1880    129.7310    129.2090    128.6120    127.9560    127.2260    126.4340    125.5740    124.6500    123.6650    122.6110    121.5050    120.3320    119.1060    117.8200    116.4790    115.0860    113.6380    112.1610    110.6320
   102.0    128.1020    128.0680    127.9650    127.7960    127.5560    127.2490    126.8740    126.4310    125.9240    125.3450    124.7080    124.0000    123.2320    122.3980    121.5020    120.5460    119.5250    118.4530    117.3160    116.1290    114.8830    113.5840    112.2350    110.8330    109.4020    107.9210
   102.5    124.8910    124.8580    124.7580    124.5940    124.3610    124.0630    123.6990    123.2690    122.7770    122.2160    121.5970    120.9100    120.1650    119.3560    118.4860    117.5600    116.5700    115.5300    114.4280    113.2760    112.0690    110.8100    109.5040    108.1460    106.7580    105.3230
   103.0    121.8210    121.7880    121.6910    121.5320    121.3050    121.0160    120.6630    120.2460    119.7670    119.2230    118.6220    117.9550    117.2320    116.4470    115.6030    114.7040    113.7440    112.7350    111.6670    110.5500    109.3790    108.1590    106.8920    105.5760    104.2290    102.8370
   103.5    118.8900    118.8590    118.7640    118.6090    118.3890    118.1090    117.7650    117.3600    116.8950    116.3670    115.7830    115.1360    114.4330    113.6710    112.8520    111.9790    111.0480    110.0680    109.0320    107.9480    106.8130    105.6290    104.4000    103.1240    101.8150    100.4640
   104.0    116.0990    116.0690    115.9770    115.8260    115.6130    115.3400    115.0060    114.6130    114.1610    113.6480    113.0800    112.4520    111.7690    111.0290    110.2340    109.3860    108.4830    107.5300    106.5250    105.4720    104.3700    103.2210    102.0280    100.7900     99.5169     98.2045
   104.5    113.4480    113.4190    113.3300    113.1820    112.9750    112.7100    112.3850    112.0030    111.5640    111.0660    110.5130    109.9040    109.2400    108.5210    107.7480    106.9240    106.0470    105.1210    104.1440    103.1210    102.0500    100.9340     99.7757     98.5732     97.3339     96.0574
   105.0    110.9370    110.9080    110.8220    110.6780    110.4770    110.2190    109.9040    109.5320    109.1040    108.6210    108.0830    107.4910    106.8450    106.1460    105.3950    104.5930    103.7410    102.8400    101.8910    100.8950     99.8546     98.7697     97.6430     96.4743     95.2661     94.0231
   105.5    108.5660    108.5380    108.4540    108.3130    108.1180    107.8670    107.5600    107.1990    106.7820    106.3130    105.7890    105.2130    104.5840    103.9040    103.1740    102.3930    101.5650    100.6870     99.7643     98.7948     97.7823     96.7267     95.6300     94.4931     93.3136     92.1016
   106.0    106.3340    106.3070    106.2260    106.0880    105.8990    105.6530    105.3550    105.0040    104.5980    104.1420    103.6310    103.0710    102.4580    101.7960    101.0850    100.3240     99.5185     98.6627     97.7647     96.8197     95.8336     94.8054     93.7368     92.6296     91.4763     90.2929
   106.5    104.2430    104.2170    104.1370    104.0020    103.8180    103.5790    103.2890    102.9470    102.5520    102.1080    101.6090    101.0640    100.4670     99.8219     99.1287     98.3869     97.6023     96.7668     95.8922     94.9700     94.0085     93.0059     91.9633     90.8838     89.7542     88.5970
   107.0    102.2920    102.2660    102.1890    102.0560    101.8780    101.6440    101.3610    101.0280    100.6420    100.2110     99.7237     99.1931     98.6096     97.9808     97.3048     96.5807     95.8160     94.9995     94.1466     93.2455     92.3070     91.3281     90.3096     89.2557     88.1475     87.0139
   107.5    100.4800    100.4550    100.3800    100.2500    100.0760     99.8482     99.5724     99.2478     98.8708     98.4513     97.9743     97.4572     96.8870     96.2733     95.6134     94.9055     94.1597     93.3606     92.5280     91.6464     90.7290     89.7720     88.7756     87.7453     86.6559     85.5436
   108.0     98.6626     98.6384     98.5648     98.4373     98.2684     98.0459     97.7769     97.4605     97.0923     96.6837     96.2174     95.7132     95.1562     94.5571     93.9128     93.2212     92.4934     91.7119     90.8990     90.0369     89.1404     88.2050     87.2307     86.2236     85.1548     84.0647
   108.5     96.5770     96.5533     96.4816     96.3577     96.1930     95.9763     95.7142     95.4058     95.0472     94.6488     94.1949     93.7035     93.1611     92.5775     91.9499     91.2764     90.5673     89.8064     89.0145     88.1750     87.3020     86.3910     85.4421     84.4613     83.4212     82.3602
   109.0     94.5264     94.5033     94.4334     94.3130     94.1524     93.9414     93.6860     93.3856     93.0364     92.6481     92.2063     91.7276     91.1993     90.6310     90.0198     89.3640     88.6733     87.9326     87.1614     86.3442     85.4940     84.6070     83.6832     82.7281     81.7162     80.6837
   109.5     92.5108     92.4883     92.4202     92.3031     92.1466     91.9412     91.6925     91.3998     91.0599     90.6815     90.2515     89.7852     89.2710     88.7176     88.1224     87.4841     86.8114     86.0906     85.3396     84.5442     83.7166     82.8531     81.9538     81.0240     80.0399     79.0353
   110.0     90.5302     90.5083     90.4420     90.3282     90.1756     89.9757     89.7336     89.4485     89.1176     88.7491     88.3307     87.8765     87.3761     86.8373     86.2579     85.6366     84.9817     84.2803     83.5493     82.7752     81.9698     81.1293     80.2541     79.3491     78.3921     77.4149
   110.5     88.5846     88.5633     88.4988     88.3882     88.2395     88.0450     87.8092     87.5317     87.2097     86.8507     86.4437     86.0015     85.5145     84.9901     84.4262     83.8217     83.1841     82.5018     81.7903     81.0372     80.2534     79.4356     78.5840     77.7033     76.7729     75.8226
   111.0     86.6741     86.6533     86.5905     86.4831     86.3383     86.1490     85.9195     85.6493     85.3361     84.9864     84.5906     84.1601     83.6863     83.1761     82.6273     82.0392     81.4187     80.7550     80.0626     79.3302     78.5676     77.7719     76.9435     76.0866     75.1823     74.2583
   111.5     84.7986     84.7784     84.7172     84.6130     84.4718     84.2877     84.0644     83.8014     83.4967     83.1563     82.7714     82.3524     81.8916     81.3951     80.8612     80.2892     79.6853     79.0400     78.3664     77.6540     76.9123     76.1384     75.3327     74.4991     73.6203     72.7221
   112.0     82.9581     82.9384     82.8789     82.7777     82.6402     82.4612     82.2439     81.9879     81.6916     81.3602     80.9860     80.5783     80.1302     79.6472     79.1279     78.5716     77.9842     77.3568     76.7015     76.0089     75.2876     74.5349     73.7514     72.9408     72.0869     71.2139
   112.5     81.1526     81.1335     81.0755     80.9773     80.8435     80.6694     80.4580     80.2090     79.9208     79.5983     79.2345     78.8379     78.4022     77.9325     77.4274     76.8865     76.3151     75.7053     75.0680     74.3947     73.6933     72.9615     72.1998     71.4115     70.5821     69.7338
   113.0     79.3822     79.3635     79.3072     79.2118     79.0815     78.9123     78.7067     78.4644     78.1844     77.8705     77.5170     77.1311     76.7075     76.2508     75.7597     75.2339     74.6782     74.0855     73.4659     72.8115     72.1296     71.4182     70.6778     69.9114     69.1059     68.2818
   113.5     77.6468     77.6286     77.5738     77.4813     77.3545     77.1899     76.9900     76.7544     76.4821     76.1768     75.8333     75.4580     75.0463     74.6023     74.1248     73.6138     73.0735     72.4976     71.8951     71.2592     70.5965     69.9050     69.1854     68.4405     67.6583     66.8578
   114.0     75.9464     75.9287     75.8754     75.7857     75.6622     75.5023     75.3080     75.0788     74.8142     74.5172     74.1834     73.8186     73.4185     72.9868     72.5227     72.0262     71.5008     70.9413     70.3558     69.7379     69.0938     68.4218     67.7226     66.9987     66.2393     65.4618
   114.5     74.2810     74.2638     74.2120     74.1249     74.0048     73.8494     73.6605     73.4377     73.1806     72.8917     72.5675     72.2127     71.8240     71.4045     70.9534     70.4710     69.9603     69.4169     68.8478     68.2475     67.6217     66.9688     66.2894     65.5860     64.8488     64.0939
   115.0     72.6506     72.6339     72.5835     72.4991     72.3822     72.2313     72.0476     71.8310     71.5813     71.3003     70.9855     70.6406     70.2629     69.8553     69.4170     68.9483     68.4520     67.9242     67.3711     66.7881     66.1801     65.5458     64.8859     64.2024     63.4870     62.7541
   115.5     71.0553     71.0390     70.9901     70.9082     70.7945     70.6479     70.4694     70.2589     70.0162     69.7430     69.4373     69.1021     68.7352     68.3392     67.9133     67.4581     66.9758     66.4632     65.9259     65.3597     64.7691     64.1529     63.5120     62.8480     62.1538     61.4423
   116.0     69.4950     69.4792     69.4316     69.3521     69.2416     69.0992     68.9257     68.7211     68.4855     68.2199     67.9230     67.5972     67.2409     66.8562     66.4424     66.0003     65.5317     65.0340     64.5120     63.9622     63.3886     62.7901     62.1676     61.5228     60.8491     60.1585
   116.5     67.9697     67.9543     67.9081     67.8310     67.7235     67.5852     67.4167     67.2179     66.9890     66.7308     66.4426     66.1260     65.7800     65.4063     65.0044     64.5750     64.1197     63.6366     63.1295     62.5956     62.0386     61.4574     60.8529     60.2266     59.5731     58.9028
   117.0     66.4794     66.4645     66.4195     66.3448     66.2403     66.1060     65.9423     65.7491     65.5268     65.2759     64.9961     64.6885     64.3525     63.9895     63.5991     63.1822     62.7399     62.2709     61.7784     61.2601     60.7191     60.1548     59.5679     58.9596     58.3256     57.6752
   117.5     65.0242     65.0096     64.9660     64.8935     64.7919     64.6615     64.5024     64.3147     64.0989     63.8550     63.5834     63.2846     62.9583     62.6058     62.2267     61.8219     61.3923     60.9370     60.4586     59.9555     59.4302     58.8822     58.3124     57.7218     57.1068     56.4756
   118.0     63.6039     63.5898     63.5474     63.4771     63.3784     63.2517     63.0972     62.9149     62.7053     62.4683     62.2047     61.9144     61.5976     61.2552     60.8870     60.4940     60.0767     59.6348     59.1702     58.6818     58.1718     57.6397     57.0865     56.5131     55.9165     55.3041
   118.5     62.2187     62.2050     62.1638     62.0957     61.9997     61.8767     61.7266     61.5495     61.3460     61.1157     60.8598     60.5778     60.2702     59.9377     59.5802     59.1986     58.7933     58.3644     57.9132     57.4391     56.9439     56.4273     55.8903     55.3335     54.7549     54.1606
   119.0     60.8685     60.8552     60.8152     60.7491     60.6558     60.5364     60.3906     60.2185     60.0210     59.7972     59.5488     59.2749     58.9762     58.6533     58.3062     57.9357     57.5421     57.1257     56.6876     56.2273     55.7466     55.2450     54.7237     54.1831     53.6218     53.0452
   119.5     59.5533     59.5404     59.5015     59.4374     59.3467     59.2308     59.0892     58.9221     58.7302     58.5128     58.2716     58.0056     57.7157     57.4021     57.0649     56.7053     56.3230     55.9188     55.4934     55.0466     54.5798     54.0928     53.5867     53.0618     52.5173     51.9578
   120.0     58.2732     58.2606     58.2228     58.1607     58.0725     57.9599     57.8224     57.6601     57.4738     57.2625     57.0284     56.7700     56.4884     56.1839     55.8565     55.5073     55.1360     54.7436     54.3305     53.8967     53.4435     52.9707     52.4793     51.9696     51.4415     50.8985
   120.5     57.0281     57.0158     56.9791     56.9188     56.8332     56.7238     56.5903     56.4325     56.2516     56.0464     55.8190     55.5680     55.2946     54.9989     54.6809     54.3418     53.9811     53.6002     53.1990     52.7779     52.3377     51.8786     51.4015     50.9066     50.3942     49.8672
   121.0     55.8180     55.8061     55.7704     55.7119     55.6286     55.5224     55.3927     55.2394     55.0637     54.8643     54.6436     54.3997     54.1342     53.8469     53.5381     53.2088     52.8584     52.4886     52.0988     51.6899     51.2625     50.8167     50.3534     49.8727     49.3755     48.8640
   121.5     54.6429     54.6313     54.5967     54.5399     54.4590     54.3558     54.2297     54.0808     53.9101     53.7164     53.5020     53.2650     53.0071     52.7281     52.4281     52.1082     51.7678     51.4087     51.0301     50.6330     50.2178     49.7848     49.3348     48.8679     48.3854     47.8888
   122.0     53.5028     53.4916     53.4579     53.4027     53.3241     53.2239     53.1014     52.9567     52.7909     52.6025     52.3943     52.1640     51.9135     51.6423     51.3509     51.0402     50.7094     50.3606     49.9927     49.6070     49.2037     48.7830     48.3459     47.8923     47.4239     46.9417
   122.5     52.3978     52.3869     52.3542     52.3005     52.2241     52.1267     52.0076     51.8670     51.7058     51.5228     51.3204     51.0966     50.8532     50.5897     50.3065     50.0046     49.6831     49.3442     48.9867     48.6119     48.2200     47.8113     47.3866     46.9459     46.4910     46.0226
   123.0     51.3277     51.3172     51.2854     51.2332     51.1589     51.0642     50.9485     50.8118     50.6551     50.4772     50.2805     50.0629     49.8263     49.5702     49.2949     49.0014     48.6889     48.3596     48.0121     47.6479     47.2669     46.8696     46.4569     46.0285     45.5867     45.1316
   123.5     50.2927     50.2825     50.2515     50.2008     50.1286     50.0365     49.9239     49.7910     49.6387     49.4657     49.2744     49.0629     48.8328     48.5838     48.3161     48.0308     47.7269     47.4067     47.0688     46.7147     46.3444     45.9581     45.5568     45.1403     44.7110     44.2686
   124.0     49.2928     49.2828     49.2527     49.2033     49.1331     49.0435     48.9340     48.8047     48.6566     48.4883     48.3022     48.0965     47.8727     47.6305     47.3701     47.0926     46.7970     46.4856     46.1569     45.8126     45.4523     45.0766     44.6864     44.2813     43.8639     43.4337
   124.5     48.3278     48.3181     48.2888     48.2407     48.1724     48.0852     47.9787     47.8529     47.7087     47.5450     47.3639     47.1637     46.9460     46.7103     46.4569     46.1869     45.8993     45.5963     45.2764     44.9413     44.5908     44.2252     43.8455     43.4513     43.0453     42.6269
   125.0     47.3979     47.3884     47.3599     47.3130     47.2466     47.1617     47.0580     46.9356     46.7951     46.6358     46.4595     46.2646     46.0526     45.8232     45.5765     45.3136     45.0337     44.7387     44.4273     44.1011     43.7598     43.4039     43.0343     42.6506     42.2554     41.8481
   125.5     46.5029     46.4937     46.4660     46.4202     46.3556     46.2729     46.1719     46.0527     45.9159     45.7607     45.5890     45.3992     45.1927     44.9692     44.7290     44.4729     44.2002     43.9128     43.6095     43.2918     42.9594     42.6127     42.2527     41.8789     41.4941     41.0973
   126.0     45.6430     45.6341     45.6071     45.5624     45.4994     45.4188     45.3204     45.2042     45.0709     44.9198     44.7523     44.5674     44.3661     44.1483     43.9142     43.6646     43.3989     43.1188     42.8231     42.5134     42.1894     41.8516     41.5007     41.1364     40.7613     40.3746
   126.5     44.8182     44.8095     44.7831     44.7394     44.6781     44.5994     44.5035     44.3903     44.2602     44.1129     43.9495     43.7693     43.5729     43.3605     43.1322     42.8888     42.6297     42.3564     42.0681     41.7661     41.4500     41.1205     40.7783     40.4230     40.0572     39.6800
   127.0     44.0283     44.0198     43.9941     43.9514     43.8916     43.8148     43.7212     43.6108     43.4838     43.3402     43.1806     43.0048     42.8132     42.6059     42.3831     42.1454     41.8926     41.6259     41.3445     41.0496     40.7412     40.4196     40.0856     39.7388     39.3817     39.0134
   127.5     43.2735     43.2652     43.2401     43.1982     43.1400     43.0649     42.9735     42.8657     42.7416     42.6016     42.4456     42.2739     42.0868     41.8843     41.6667     41.4346     41.1877     40.9270     40.6522     40.3642     40.0628     39.7487     39.4224     39.0837     38.7347     38.3748
   128.0     42.5537     42.5456     42.5211     42.4800     42.4232     42.3498     42.2604     42.1552     42.0338     41.8971     41.7445     41.5768     41.3937     41.1958     40.9832     40.7562     40.5149     40.2600     39.9914     39.7097     39.4150     39.1079     38.7889     38.4578     38.1164     37.7643
   128.5     41.8689     41.8610     41.8370     41.7967     41.7412     41.6694     41.5820     41.4791     41.3603     41.2267     41.0772     40.9132     40.7341     40.5405     40.3325     40.1102     39.8742     39.6247     39.3618     39.0861     38.7977     38.4972     38.1850     37.8610     37.5266     37.1819
   129.0     41.2191     41.2114     41.1880     41.1482     41.0941     41.0237     40.9381     40.8374     40.7210     40.5904     40.4439     40.2834     40.1078     39.9182     39.7145     39.4968     39.2657     39.0211     38.7637     38.4935     38.2110     37.9165     37.6107     37.2933     36.9654     36.6275
   129.5     40.5444     40.5369     40.5139     40.4751     40.4221     40.3533     40.2696     40.1712     40.0574     39.9297     39.7864     39.6295     39.4579     39.2725     39.0733     38.8604     38.6344     38.3952     38.1435     37.8792     37.6029     37.3150     37.0158     36.7054     36.3848     36.0542
   130.0     39.8451     39.8378     39.8154     39.7775     39.7258     39.6586     39.5770     39.4809     39.3698     39.2451     39.1053     38.9521     38.7846     38.6036     38.4092     38.2014     37.9808     37.7473     37.5016     37.2436     36.9739     36.6928     36.4008     36.0977     35.7848     35.4622
   130.5     39.1565     39.1493     39.1275     39.0906     39.0400     38.9745     38.8948     38.8010     38.6926     38.5709     38.4345     38.2850     38.1215     37.9449     37.7551     37.5523     37.3369     37.1092     36.8693     36.6175     36.3543     36.0799     35.7949     35.4990     35.1937     34.8789
   131.0     38.4784     38.4714     38.4501     38.4142     38.3648     38.3009     38.2231     38.1316     38.0259     37.9070     37.7740     37.6280     37.4685     37.2962     37.1110     36.9131     36.7029     36.4807     36.2465     36.0009     35.7440     35.4762     35.1981     34.9093     34.6115     34.3043
   131.5     37.8110     37.8041     37.7833     37.7483     37.7002     37.6378     37.5619     37.4726     37.3695     37.2534     37.1237     36.9813     36.8257     36.6575     36.4768     36.2838     36.0787     35.8619     35.6334     35.3938     35.1432     34.8819     34.6104     34.3287     34.0382     33.7385
   132.0     37.1541     37.1475     37.1272     37.0931     37.0460     36.9852     36.9112     36.8240     36.7235     36.6102     36.4838     36.3448     36.1930     36.0290     35.8527     35.6644     35.4643     35.2529     35.0299     34.7962     34.5517     34.2967     34.0319     33.7570     33.4737     33.1814
   132.5     36.5079     36.5014     36.4816     36.4484     36.4025     36.3432     36.2710     36.1859     36.0879     35.9773     35.8541     35.7185     35.5705     35.4105     35.2385     35.0549     34.8597     34.6535     34.4361     34.2081     33.9696     33.7209     33.4626     33.1944     32.9181     32.6331
   133.0     35.8722     35.8659     35.8465     35.8142     35.7694     35.7116     35.6412     35.5583     35.4627     35.3548     35.2347     35.1024     34.9581     34.8021     34.6344     34.4553     34.2649     34.0639     33.8518     33.6295     33.3968     33.1543     32.9024     32.6407     32.3714     32.0934
   133.5     35.2471     35.2410     35.2221     35.1907     35.1469     35.0906     35.0219     34.9410     34.8479     34.7427     34.6255     34.4965     34.3559     34.2037     34.0402     33.8656     33.6799     33.4839     33.2771     33.0603     32.8335     32.5969     32.3513     32.0961     31.8336     31.5625
   134.0     34.6327     34.6266     34.6083     34.5777     34.5350     34.4801     34.4132     34.3343     34.2435     34.1408     34.0267     33.9009     33.7638     33.6154     33.4560     33.2858     33.1047     32.9137     32.7120     32.5007     32.2795     32.0489     31.8093     31.5605     31.3046     31.0404
   134.5     34.0288     34.0229     34.0050     33.9752     33.9336     33.8801     33.8148     33.7379     33.6494     33.5493     33.4381     33.3155     33.1819     33.0372     32.8818     32.7159     32.5394     32.3532     32.1565     31.9506     31.7349     31.5101     31.2765     31.0339     30.7845     30.5270
   135.0     33.4355     33.4298     33.4123     33.3833     33.3427     33.2906     33.2270     33.1520     33.0658     32.9682     32.8599     32.7403     32.6101     32.4691     32.3176     32.1559     31.9838     31.8024     31.6107     31.4099     31.1997     30.9805     30.7529     30.5163     30.2733     30.0223
   135.5     32.8529     32.8473     32.8302     32.8020     32.7624     32.7117     32.6497     32.5766     32.4926     32.3974     32.2919     32.1753     32.0484     31.9110     31.7634     31.6058     31.4380     31.2612     31.0744     30.8788     30.6739     30.4602     30.2384     30.0078     29.7710     29.5263
   136.0     32.2808     32.2753     32.2587     32.2313     32.1927     32.1432     32.0828     32.0116     31.9297     31.8370     31.7341     31.6205     31.4969     31.3630     31.2191     31.0656     30.9021     30.7298     30.5477     30.3571     30.1574     29.9492     29.7330     29.5082     29.2775     29.0391
   136.5     31.7193     31.7140     31.6978     31.6711     31.6335     31.5853     31.5264     31.4570     31.3773     31.2868     31.1867     31.0760     30.9555     30.8251     30.6849     30.5353     30.3760     30.2081     30.0307     29.8449     29.6504     29.4474     29.2367     29.0177     28.7929     28.5606
   137.0     31.1684     31.1632     31.1475     31.1215     31.0848     31.0379     30.9805     30.9129     30.8352     30.7471     30.6496     30.5417     30.4243     30.2972     30.1606     30.0149     29.8596     29.6961     29.5232     29.3422     29.1527     28.9549     28.7496     28.5362     28.3172     28.0908
   137.5     30.6281     30.6231     30.6077     30.5825     30.5467     30.5010     30.4451     30.3792     30.3035     30.2177     30.1227     30.0176     29.9033     29.7794     29.6463     29.5044     29.3531     29.1938     29.0254     28.8491     28.6644     28.4717     28.2717     28.0637     27.8503     27.6298
   138.0     30.0985     30.0935     30.0786     30.0540     30.0191     29.9746     29.9202     29.8559     29.7823     29.6986     29.6061     29.5037     29.3923     29.2717     29.1420     29.0038     28.8564     28.7013     28.5371     28.3654     28.1854     27.9977     27.8028     27.6002     27.3924     27.1775
   138.5     29.5794     29.5746     29.5600     29.5361     29.5021     29.4587     29.4057     29.3431     29.2714     29.1899     29.0998     28.9999     28.8916     28.7741     28.6477     28.5131     28.3695     28.2184     28.0585     27.8912     27.7159     27.5330     27.3431     27.1457     26.9433     26.7339
   139.0     29.0709     29.0662     29.0520     29.0287     28.9956     28.9534     28.9017     28.8408     28.7709     28.6915     28.6037     28.5065     28.4009     28.2865     28.1634     28.0323     27.8924     27.7452     27.5894     27.4265     27.2557     27.0776     26.8926     26.7003     26.5030     26.2991
   139.5     28.5730     28.5684     28.5546     28.5319     28.4997     28.4585     28.4082     28.3489     28.2808     28.2034     28.1180     28.0233     27.9205     27.8090     27.6891     27.5614     27.4251     27.2817     27.1300     26.9713     26.8049     26.6314     26.4512     26.2638     26.0717     25.8730
   140.0     28.0857     28.0812     28.0678     28.0457     28.0143     27.9742     27.9252     27.8674     27.8011     27.7257     27.6425     27.5503     27.4501     27.3415     27.2248     27.1004     26.9676     26.8280     26.6802     26.5256     26.3635     26.1945     26.0189     25.8364     25.6492     25.4556
   140.5     27.6090     27.6046     27.5915     27.5701     27.5394     27.5004     27.4527     27.3964     27.3318     27.2584     27.1774     27.0875     26.9899     26.8842     26.7704     26.6493     26.5199     26.3839     26.2400     26.0893     25.9315     25.7668     25.5958     25.4180     25.2356     25.0470
   141.0     27.1429     27.1386     27.1259     27.1050     27.0751     27.0371     26.9907     26.9358     26.8729     26.8014     26.7225     26.6349     26.5399     26.4369     26.3261     26.2080     26.0821     25.9496     25.8093     25.6626     25.5089     25.3484     25.1818     25.0086     24.8309     24.6471
   141.5     26.6874     26.6832     26.6708     26.6505     26.6214     26.5844     26.5391     26.4856     26.4244     26.3547     26.2778     26.1926     26.1000     25.9996     25.8917     25.7767     25.6540     25.5250     25.3883     25.2454     25.0956     24.9393     24.7770     24.6082     24.4350     24.2559
   142.0     26.2425     26.2384     26.2263     26.2065     26.1782     26.1421     26.0980     26.0459     25.9863     25.9184     25.8435     25.7604     25.6702     25.5725     25.4673     25.3553     25.2358     25.1100     24.9769     24.8376     24.6917     24.5394     24.3813     24.2168     24.0480     23.8735
   142.5     25.8081     25.8042     25.7924     25.7731     25.7455     25.7104     25.6674     25.6167     25.5586     25.4924     25.4194     25.3385     25.2506     25.1554     25.0529     24.9438     24.8273     24.7048     24.5751     24.4394     24.2972     24.1488     23.9947     23.8344     23.6699     23.4998
   143.0     25.3844     25.3806     25.3691     25.3503     25.3234     25.2892     25.2473     25.1979     25.1412     25.0768     25.0057     24.9268     24.8412     24.7484     24.6485     24.5422     24.4287     24.3093     24.1829     24.0506     23.9121     23.7675     23.6173     23.4611     23.3007     23.1348
   143.5     24.9713     24.9676     24.9564     24.9380     24.9118     24.8785     24.8377     24.7895     24.7343     24.6715     24.6022     24.5253     24.4419     24.3514     24.2541     24.1504     24.0399     23.9234     23.8003     23.6714     23.5363     23.3954     23.2490     23.0968     22.9403     22.7786
   144.0     24.5688     24.5652     24.5542     24.5363     24.5108     24.4783     24.4385     24.3916     24.3377     24.2765     24.2089     24.1341     24.0527     23.9645     23.8697     23.7686     23.6609     23.5473     23.4273     23.3016     23.1700     23.0326     22.8898     22.7414     22.5888     22.4311
   144.5     24.1769     24.1733     24.1627     24.1452     24.1203     24.0886     24.0498     24.0041     23.9516     23.8919     23.8260     23.7530     23.6737     23.5877     23.4953     23.3967     23.2916     23.1809     23.0639     22.9413     22.8130     22.6790     22.5398     22.3951     22.2462     22.0923
   145.0     23.7955     23.7921     23.7817     23.7646     23.7404     23.7095     23.6716     23.6270     23.5758     23.5177     23.4534     23.3822     23.3048     23.2210     23.1308     23.0347     22.9322     22.8242     22.7101     22.5906     22.4654     22.3347     22.1989     22.0578     21.9124     21.7623
   145.5     23.4248     23.4214     23.4113     23.3946     23.3710     23.3408     23.3039     23.2604     23.2105     23.1538     23.0910     23.0216     22.9461     22.8643     22.7763     22.6825     22.5826     22.4772     22.3659     22.2493     22.1271     21.9997     21.8672     21.7296     21.5876     21.4410
   146.0     23.0647     23.0614     23.0515     23.0352     23.0122     22.9827     22.9467     22.9042     22.8555     22.8002     22.7389     22.6712     22.5975     22.5177     22.4319     22.3403     22.2429     22.1400     22.0314     21.9175     21.7983     21.6739     21.5446     21.4103     21.2716     21.1284
   146.5     22.7151     22.7119     22.7023     22.6863     22.6639     22.6351     22.6000     22.5585     22.5109     22.4570     22.3971     22.3310     22.2591     22.1812     22.0974     22.0080     21.9129     21.8124     21.7064     21.5952     21.4788     21.3574     21.2312     21.1000     20.9644     20.8246
   147.0     22.3762     22.3731     22.3637     22.3480     22.3261     22.2980     22.2637     22.2232     22.1767     22.1241     22.0656     22.0011     21.9308     21.8547     21.7729     21.6856     21.5927     21.4945     21.3910     21.2824     21.1688     21.0502     20.9268     20.7988     20.6662     20.5295
   147.5     22.0479     22.0448     22.0356     22.0203     21.9989     21.9714     21.9379     21.8984     21.8529     21.8015     21.7443     21.6814     21.6126     21.5383     21.4584     21.3730     21.2824     21.1863     21.0853     20.9791     20.8681     20.7522     20.6317     20.5066     20.3768     20.2431
   148.0     21.7301     21.7271     21.7181     21.7031     21.6823     21.6554     21.6226     21.5840     21.5395     21.4894     21.4334     21.3719     21.3046     21.2320     21.1539     21.0704     20.9818     20.8879     20.7891     20.6853     20.5767     20.4635     20.3456     20.2234     20.0963     19.9655
   148.5     21.4230     21.4200     21.4113     21.3965     21.3761     21.3498     21.3178     21.2801     21.2365     21.1875     21.1327     21.0726     21.0068     20.9357     20.8593     20.7776     20.6911     20.5991     20.5026     20.4009     20.2948     20.1840     20.0687     19.9492     19.8247     19.6966
   149.0     21.1264     21.1236     21.1150     21.1005     21.0806     21.0548     21.0235     20.9865     20.9439     20.8960     20.8423     20.7835     20.7191     20.6495     20.5748     20.4948     20.4101     20.3201     20.2256     20.1261     20.0222     19.9138     19.8010     19.6840     19.5619     19.4364
   149.5     20.8405     20.8377     20.8293     20.8150     20.7956     20.7703     20.7396     20.7035     20.6617     20.6148     20.5622     20.5046     20.4415     20.3734     20.3002     20.2219     20.1390     20.0507     19.9583     19.8608     19.7591     19.6529     19.5424     19.4278     19.3080     19.1850
   150.0     20.5651     20.5624     20.5542     20.5401     20.5211     20.4963     20.4662     20.4308     20.3899     20.3440     20.2923     20.2360     20.1741     20.1074     20.0356     19.9588     19.8777     19.7911     19.7005     19.6049     19.5053     19.4012     19.2929     19.1807     19.0630     18.9423
