<header>
</header>
<event>
11 0   0  -500  0  0.9  0.1 10
11 0   0  -500  0  0  1 11
</event>
<event>
11 0   0  -500  0  0.9  0.1 14
11 0   0  -500  0  0  1 15
</event>
<event>
11 0   0  -500  0  0.9  0.1 20
11 0   0  -500  0  0  1 21
</event>
<event>
11 0   0  -300  0  0.9  0.1 25
11 0   0  -300  0  0  1 26
</event>
<event>
11 0   0  -300  0  0  1 30
11 0   0  -300  0  0  1 31
</event>
<event>
11 0   0  -500  0  0  1 10
11 0   0  -500  0  0  1 11
11 0   0  -500  0  0  1 12
</event>
<event>
11 0   0  -500  0  0  1 14
11 0   0  -500  0  0  1 15
</event>
<event>
11 0   0  -500  0  0  1 20
11 0   0  -500  0  0  1 21
</event>
<event>
11 0   0  -500  0  0  1 25
11 0   0  -500  0  0  1 26
</event>
<event>
11 0   0  -500  0  0  1 30
11 0   0  -500  0  0  1 31
</event>
<event>
11 0   0  -500  0  0  1 10
</event>
<event>
11 0   0  -500  0  0.9  0.1 14
11 0   0  -500  0  0  1 15
</event>
<event>
11 0   0  -500  0  0.9  0.1 20
11 0   0  -500  0  0  1 21
</event>
<event>
11 0   0  -500  0  0  1 25
11 0   0  -500  0  0  1 26
</event>
<event>
11 0   0  -500  0  0  1 30
11 0   0  -500  0  0  1 31
</event>
